TITLE     = "TMPLT"
VARIABLES = "Cell Elevation"
ZONE T="TMPLT"
 STRANDID=0, SOLUTIONTIME=0
 Nodes=1704, Elements=1610, ZONETYPE=FEQuadrilateral
 DATAPACKING=BLOCK
 DT=(SINGLE )
 4.053960800E+000 4.055138588E+000 4.055767059E+000 4.057353497E+000 4.059523106E+000
 4.068061352E+000 4.076932907E+000 4.082396030E+000 4.092199802E+000 4.137218475E+000
 4.181998730E+000 4.198688984E+000 4.282116413E+000 4.364619732E+000 4.390404701E+000
 4.499651432E+000 4.601729393E+000 4.603265762E+000 4.588310242E+000 4.522215843E+000
 4.446475983E+000 4.423177719E+000 4.412590981E+000 4.407992840E+000 4.035345554E+000
 4.035631657E+000 4.037839413E+000 4.039818764E+000 4.042435169E+000 4.054327965E+000
 4.066459179E+000 4.073526859E+000 4.084107399E+000 4.108952522E+000 4.126915932E+000
 4.151288986E+000 4.215343475E+000 4.254170895E+000 4.303335667E+000 4.403893948E+000
 4.469225883E+000 4.532234192E+000 4.579899788E+000 4.516804218E+000 4.438408852E+000
 4.418070793E+000 4.411688805E+000 4.409135818E+000 4.012267590E+000 4.012961388E+000
 4.015117645E+000 4.018305302E+000 4.021691799E+000 4.030238152E+000 4.038708687E+000
 4.044598103E+000 4.051425934E+000 4.057059765E+000 4.053781033E+000 4.047259808E+000
 4.049864292E+000 4.071020603E+000 4.089933872E+000 4.093192577E+000 4.142390728E+000
 4.264444351E+000 4.441058159E+000 4.523128033E+000 4.492165089E+000 4.444724083E+000
 4.403181076E+000 4.398293018E+000 4.003539085E+000 4.004399300E+000 4.005739689E+000
 4.007687092E+000 4.010152817E+000 4.012896538E+000 4.017127037E+000 4.022140980E+000
 4.023746967E+000 4.014294624E+000 3.997638941E+000 3.939067602E+000 3.867771149E+000
 3.860375643E+000 3.781757832E+000 3.689338207E+000 3.781529427E+000 3.913440943E+000
 4.144475937E+000 4.438567638E+000 4.543304443E+000 4.483111858E+000 4.412536144E+000
 4.406637669E+000 3.986981153E+000 3.987655401E+000 3.992911577E+000 3.998026609E+000
 3.999320745E+000 4.001074314E+000 4.002025127E+000 4.004436493E+000 4.010048866E+000
 3.985197544E+000 3.946052790E+000 3.877032042E+000 3.760864735E+000 3.677758694E+000
 3.532246590E+000 3.390238285E+000 3.431593180E+000 3.597954512E+000 3.887023211E+000
 4.188492775E+000 4.423262119E+000 4.529636383E+000 4.513821125E+000 4.511132240E+000
 3.963000536E+000 3.963868618E+000 3.972300768E+000 3.980712652E+000 3.982720137E+000
 3.986654282E+000 3.988996506E+000 3.995191097E+000 4.010943890E+000 3.997370243E+000
 3.917317629E+000 3.816451073E+000 3.679772854E+000 3.555970430E+000 3.400578499E+000
 3.233563423E+000 3.219391584E+000 3.415066957E+000 3.703857422E+000 3.978951454E+000
 4.272799492E+000 4.503176212E+000 4.602080822E+000 4.607579231E+000 3.941297770E+000
 3.941973448E+000 3.948686838E+000 3.955399990E+000 3.956449270E+000 3.956011057E+000
 3.958981276E+000 3.986228943E+000 4.015402794E+000 3.997933149E+000 3.877691507E+000
 3.750723839E+000 3.606467962E+000 3.436712742E+000 3.286005735E+000 3.144869089E+000
 3.159063578E+000 3.352780819E+000 3.596251249E+000 3.858936787E+000 4.151399136E+000
 4.388906002E+000 4.546940327E+000 4.606976509E+000 3.921158791E+000 3.921908140E+000
 3.925930023E+000 3.930782557E+000 3.925694466E+000 3.916422129E+000 3.931876421E+000
 3.969554186E+000 3.988743544E+000 3.960761070E+000 3.881448746E+000 3.774767637E+000
 3.608023167E+000 3.407312632E+000 3.226137161E+000 3.092500448E+000 3.123993158E+000
 3.298777819E+000 3.555571556E+000 3.795003653E+000 4.004870415E+000 4.214571476E+000
 4.433146954E+000 4.573753834E+000 3.899417162E+000 3.900089979E+000 3.903352022E+000
 3.907176018E+000 3.900690079E+000 3.894950867E+000 3.918838024E+000 3.942163706E+000
 3.938002825E+000 3.894951344E+000 3.846008062E+000 3.777842045E+000 3.604793072E+000
 3.360500813E+000 3.153502226E+000 3.073315859E+000 3.125806570E+000 3.269795179E+000
 3.489794016E+000 3.745978355E+000 3.965100050E+000 4.124856949E+000 4.280129433E+000
 4.370963573E+000 3.884178162E+000 3.885228395E+000 3.888246775E+000 3.887831688E+000
 3.884691000E+000 3.892641544E+000 3.908415079E+000 3.912958622E+000 3.892907143E+000
 3.828070164E+000 3.736783504E+000 3.666247368E+000 3.531663418E+000 3.278638840E+000
 3.086967230E+000 3.075021267E+000 3.143509626E+000 3.242900848E+000 3.416141033E+000
 3.666423559E+000 3.906902075E+000 4.082496166E+000 4.198462009E+000 4.235292435E+000
 3.872308969E+000 3.873204947E+000 3.875410795E+000 3.875099421E+000 3.878442526E+000
 3.891888857E+000 3.900208235E+000 3.897287846E+000 3.869971991E+000 3.790060520E+000
 3.679560661E+000 3.532006025E+000 3.357904911E+000 3.185295820E+000 3.064795494E+000
 3.063810587E+000 3.117853880E+000 3.202094793E+000 3.372223139E+000 3.623207331E+000
 3.798711777E+000 3.961270809E+000 4.132406235E+000 4.173227787E+000 3.863303423E+000
 3.862683535E+000 3.857510567E+000 3.853041887E+000 3.858453274E+000 3.874189615E+000
 3.882335186E+000 3.864439964E+000 3.830876112E+000 3.742205620E+000 3.612925053E+000
 3.437916279E+000 3.254531384E+000 3.122263432E+000 3.042760134E+000 3.053159714E+000
 3.117379189E+000 3.198586464E+000 3.349426508E+000 3.593894005E+000 3.762017727E+000
 3.907520056E+000 4.070014954E+000 4.117178440E+000 3.858646631E+000 3.857950687E+000
 3.850778103E+000 3.842733145E+000 3.847110748E+000 3.863369942E+000 3.869359255E+000
 3.847210646E+000 3.797354460E+000 3.687002659E+000 3.536789656E+000 3.395909786E+000
 3.239918232E+000 3.094848394E+000 3.039911985E+000 3.064586401E+000 3.128171206E+000
 3.208123207E+000 3.349976063E+000 3.588052988E+000 3.754260302E+000 3.897621155E+000
 4.073558807E+000 4.137790203E+000 3.853076935E+000 3.853049755E+000 3.851653576E+000
 3.849922657E+000 3.858531237E+000 3.862150908E+000 3.852515936E+000 3.841159344E+000
 3.776357889E+000 3.625644922E+000 3.478149652E+000 3.343175411E+000 3.174724817E+000
 3.058198690E+000 3.041435480E+000 3.068310261E+000 3.138770580E+000 3.234901905E+000
 3.384799719E+000 3.618047476E+000 3.803437471E+000 3.923728943E+000 4.011152744E+000
 4.038101673E+000 3.842362642E+000 3.842902660E+000 3.844335794E+000 3.846846342E+000
 3.858060122E+000 3.861281872E+000 3.840414286E+000 3.798632145E+000 3.728019714E+000
 3.576407194E+000 3.398616314E+000 3.250119686E+000 3.114636421E+000 3.042048216E+000
 3.032057047E+000 3.059972048E+000 3.162277460E+000 3.268122673E+000 3.406022072E+000
 3.633972406E+000 3.808485031E+000 3.919840336E+000 4.000359058E+000 4.027607918E+000
 3.830240011E+000 3.831433535E+000 3.838086128E+000 3.844833851E+000 3.850998878E+000
 3.849870682E+000 3.825058699E+000 3.749799728E+000 3.671607733E+000 3.543537855E+000
 3.360178947E+000 3.217349052E+000 3.095795870E+000 3.031680584E+000 3.031579256E+000
 3.066581011E+000 3.161227703E+000 3.252945662E+000 3.394824028E+000 3.629709959E+000
 3.774897814E+000 3.897789717E+000 4.026367188E+000 4.057289124E+000 3.808724403E+000
 3.804583311E+000 3.803599596E+000 3.807832241E+000 3.814236403E+000 3.802706003E+000
 3.774137020E+000 3.694816828E+000 3.606290102E+000 3.495918751E+000 3.337040424E+000
 3.196667433E+000 3.079109192E+000 3.029583693E+000 3.038743496E+000 3.079582691E+000
 3.169882298E+000 3.299575329E+000 3.445125341E+000 3.637847424E+000 3.781958818E+000
 3.903764009E+000 4.040450096E+000 4.081660748E+000 3.781704426E+000 3.776121140E+000
 3.770580053E+000 3.773763657E+000 3.780651808E+000 3.755601883E+000 3.711872578E+000
 3.616239548E+000 3.491476536E+000 3.402013302E+000 3.279038429E+000 3.140492201E+000
 3.053410292E+000 3.028893471E+000 3.040840626E+000 3.080765963E+000 3.182742834E+000
 3.371329546E+000 3.518311262E+000 3.658478498E+000 3.829978704E+000 3.946459055E+000
 4.055818081E+000 4.112373352E+000 3.771199226E+000 3.764110804E+000 3.758061886E+000
 3.768269777E+000 3.772412300E+000 3.747034788E+000 3.697679043E+000 3.576075554E+000
 3.411815882E+000 3.325245142E+000 3.234489441E+000 3.105630875E+000 3.038773298E+000
 3.030821800E+000 3.054360628E+000 3.092797279E+000 3.181986094E+000 3.321222782E+000
 3.468502283E+000 3.661375284E+000 3.868955374E+000 3.977544308E+000 4.040988445E+000
 4.089269161E+000 3.780857086E+000 3.772336245E+000 3.764355659E+000 3.771211624E+000
 3.772773743E+000 3.761810541E+000 3.712941647E+000 3.581787348E+000 3.410971403E+000
 3.307377577E+000 3.209375143E+000 3.081884146E+000 3.026792765E+000 3.028901577E+000
 3.056161880E+000 3.100213766E+000 3.189601898E+000 3.325307131E+000 3.471436501E+000
 3.658861160E+000 3.826230049E+000 3.940220833E+000 4.053552628E+000 4.110339642E+000
 3.788387537E+000 3.786560774E+000 3.794626236E+000 3.803387165E+000 3.789171219E+000
 3.766880989E+000 3.701100588E+000 3.556903601E+000 3.412410021E+000 3.296672583E+000
 3.169953108E+000 3.064877510E+000 3.024609804E+000 3.025144339E+000 3.046166897E+000
 3.098142147E+000 3.208329439E+000 3.398689270E+000 3.543848991E+000 3.675060272E+000
 3.802950382E+000 3.919452429E+000 4.046273232E+000 4.081202984E+000 3.811932325E+000
 3.812678814E+000 3.823001385E+000 3.828736782E+000 3.792415619E+000 3.745877743E+000
 3.664451838E+000 3.536948681E+000 3.396231174E+000 3.243323803E+000 3.128472805E+000
 3.056416273E+000 3.024870634E+000 3.029230595E+000 3.054412127E+000 3.110741377E+000
 3.229071617E+000 3.421957731E+000 3.563258648E+000 3.689530134E+000 3.812524796E+000
 3.923636436E+000 4.038781166E+000 4.066154957E+000 3.837715149E+000 3.836981058E+000
 3.834861040E+000 3.823015451E+000 3.787819862E+000 3.731280804E+000 3.626014471E+000
 3.491583347E+000 3.327657938E+000 3.178187132E+000 3.098760128E+000 3.045397282E+000
 3.026184797E+000 3.042057991E+000 3.070683956E+000 3.126878262E+000 3.242769957E+000
 3.382811785E+000 3.518936396E+000 3.686856508E+000 3.809729576E+000 3.916807413E+000
 4.028895378E+000 4.056097507E+000 3.792150259E+000 3.791756630E+000 3.798663616E+000
 3.792663097E+000 3.773643255E+000 3.727088690E+000 3.602289677E+000 3.420486927E+000
 3.260032654E+000 3.157916546E+000 3.080429554E+000 3.032273769E+000 3.028445959E+000
 3.056156635E+000 3.098997831E+000 3.148507595E+000 3.248420000E+000 3.383922338E+000
 3.517149925E+000 3.687919378E+000 3.844998121E+000 3.947433949E+000 4.027245998E+000
 4.059709549E+000 3.713957071E+000 3.728746176E+000 3.753265381E+000 3.757559776E+000
 3.728211641E+000 3.679182768E+000 3.563244581E+000 3.390206814E+000 3.246497631E+000
 3.136831284E+000 3.057600021E+000 3.024722338E+000 3.031096697E+000 3.062258482E+000
 3.115514994E+000 3.160451889E+000 3.256855488E+000 3.444077015E+000 3.575499773E+000
 3.697535753E+000 3.848945856E+000 3.960445881E+000 4.065646648E+000 4.116620541E+000
 3.675190926E+000 3.690225124E+000 3.718714476E+000 3.730427742E+000 3.683362484E+000
 3.619958162E+000 3.509757996E+000 3.347543955E+000 3.223406553E+000 3.116180420E+000
 3.043303728E+000 3.025222540E+000 3.037277460E+000 3.071634054E+000 3.130294323E+000
 3.181270599E+000 3.287031412E+000 3.483615637E+000 3.616700888E+000 3.732244015E+000
 3.844640493E+000 3.949118376E+000 4.076831341E+000 4.122775555E+000 3.678675652E+000
 3.685492277E+000 3.709392071E+000 3.722832918E+000 3.692716360E+000 3.632641077E+000
 3.500422478E+000 3.324962378E+000 3.198515892E+000 3.104805470E+000 3.042783260E+000
 3.026304960E+000 3.043400049E+000 3.088480949E+000 3.158976555E+000 3.228440285E+000
 3.357961655E+000 3.546229839E+000 3.656920671E+000 3.765464306E+000 3.871967077E+000
 3.960010290E+000 4.065460205E+000 4.103314877E+000 3.689032555E+000 3.704213381E+000
 3.725105524E+000 3.727209091E+000 3.701918364E+000 3.648763418E+000 3.517529488E+000
 3.336814165E+000 3.195434570E+000 3.089598894E+000 3.032871962E+000 3.026518583E+000
 3.052895069E+000 3.106094599E+000 3.162217379E+000 3.240824223E+000 3.404561520E+000
 3.598804712E+000 3.704244137E+000 3.804004669E+000 3.901471376E+000 3.978372097E+000
 4.056360245E+000 4.074838638E+000 3.703961611E+000 3.716626644E+000 3.729886770E+000
 3.725083113E+000 3.678463936E+000 3.621432304E+000 3.519551754E+000 3.344484806E+000
 3.177785873E+000 3.064437389E+000 3.024337053E+000 3.026299238E+000 3.058519840E+000
 3.117287397E+000 3.183616877E+000 3.264097691E+000 3.436379671E+000 3.665328264E+000
 3.790073872E+000 3.875985861E+000 3.956077576E+000 4.021081924E+000 4.083246231E+000
 4.094768047E+000 3.718652964E+000 3.728352070E+000 3.736937523E+000 3.718368053E+000
 3.648813248E+000 3.579957962E+000 3.480597734E+000 3.299601555E+000 3.131214857E+000
 3.042642117E+000 3.022815704E+000 3.027355194E+000 3.062538862E+000 3.142659903E+000
 3.261002541E+000 3.354705572E+000 3.506331921E+000 3.729171038E+000 3.845864058E+000
 3.925687790E+000 4.013545990E+000 4.067913055E+000 4.108302593E+000 4.122164249E+000
 3.720316648E+000 3.732862711E+000 3.743110895E+000 3.710579395E+000 3.615703583E+000
 3.498193502E+000 3.390017271E+000 3.233732224E+000 3.088437319E+000 3.033647299E+000
 3.023540735E+000 3.033102989E+000 3.075566769E+000 3.176164865E+000 3.329386473E+000
 3.441735744E+000 3.577019930E+000 3.765086889E+000 3.861412287E+000 3.939563513E+000
 4.027714729E+000 4.078656197E+000 4.111261368E+000 4.120210171E+000 3.707027912E+000
 3.721301556E+000 3.734782934E+000 3.712624311E+000 3.616469860E+000 3.456286192E+000
 3.314395666E+000 3.185101748E+000 3.071837902E+000 3.026643515E+000 3.024692297E+000
 3.046439171E+000 3.088450193E+000 3.187038183E+000 3.368796110E+000 3.502384424E+000
 3.623502970E+000 3.791843653E+000 3.882223129E+000 3.952121258E+000 4.017797470E+000
 4.063852787E+000 4.105255604E+000 4.111768723E+000 3.692141533E+000 3.705823898E+000
 3.720653534E+000 3.714612484E+000 3.637228966E+000 3.482687950E+000 3.314047337E+000
 3.178090096E+000 3.078728914E+000 3.026691914E+000 3.029172897E+000 3.060655355E+000
 3.097123623E+000 3.191081762E+000 3.397042513E+000 3.590397596E+000 3.710462332E+000
 3.826433182E+000 3.906279802E+000 3.969363689E+000 4.028109550E+000 4.069140434E+000
 4.102931499E+000 4.105373383E+000 3.686085463E+000 3.698868752E+000 3.708501816E+000
 3.700482130E+000 3.636936665E+000 3.494369745E+000 3.333522081E+000 3.203970432E+000
 3.092681885E+000 3.028289318E+000 3.029619694E+000 3.060346365E+000 3.108836889E+000
 3.207183838E+000 3.395569086E+000 3.580154896E+000 3.707843304E+000 3.827797651E+000
 3.903120279E+000 3.965857029E+000 4.043806076E+000 4.093859673E+000 4.120906830E+000
 4.127223969E+000 3.681571484E+000 3.695920944E+000 3.702872515E+000 3.688103199E+000
 3.621860266E+000 3.509669304E+000 3.354958773E+000 3.200388432E+000 3.090344906E+000
 3.029560089E+000 3.031643629E+000 3.065879583E+000 3.156949043E+000 3.265112400E+000
 3.406033754E+000 3.528478384E+000 3.646097898E+000 3.809198380E+000 3.895125866E+000
 3.959237576E+000 4.051349163E+000 4.100557327E+000 4.113377571E+000 4.120412350E+000
 3.687047720E+000 3.701128721E+000 3.706136465E+000 3.689356565E+000 3.621017694E+000
 3.500653267E+000 3.335398912E+000 3.177479744E+000 3.077875614E+000 3.028136730E+000
 3.033750296E+000 3.084128618E+000 3.177828789E+000 3.282374859E+000 3.435917616E+000
 3.561971903E+000 3.665329218E+000 3.812433243E+000 3.894894600E+000 3.956017971E+000
 4.037397385E+000 4.076339245E+000 4.081302643E+000 4.082040310E+000 3.694169521E+000
 3.709560394E+000 3.719019651E+000 3.699504614E+000 3.624933004E+000 3.470817089E+000
 3.297848940E+000 3.168998241E+000 3.074871302E+000 3.025788784E+000 3.028623819E+000
 3.082784176E+000 3.144514561E+000 3.239813805E+000 3.442692995E+000 3.625546932E+000
 3.729140520E+000 3.825926542E+000 3.891216516E+000 3.945281982E+000 4.006886482E+000
 4.040909767E+000 4.056948185E+000 4.058655262E+000 3.713860512E+000 3.721698284E+000
 3.719857454E+000 3.694795132E+000 3.613229990E+000 3.461783409E+000 3.296535254E+000
 3.168742180E+000 3.075635672E+000 3.025855780E+000 3.025992870E+000 3.064289570E+000
 3.123420715E+000 3.231607199E+000 3.433547258E+000 3.613461018E+000 3.720749378E+000
 3.814947844E+000 3.872564793E+000 3.918872118E+000 3.962266684E+000 3.993864775E+000
 4.030257702E+000 4.043048859E+000 3.735839367E+000 3.734205961E+000 3.709435701E+000
 3.675406694E+000 3.594678640E+000 3.445492029E+000 3.285299301E+000 3.159057140E+000
 3.071811438E+000 3.029022217E+000 3.044148922E+000 3.092484236E+000 3.149017334E+000
 3.249026775E+000 3.427500486E+000 3.554888725E+000 3.654484987E+000 3.785013437E+000
 3.851183653E+000 3.898974895E+000 3.951572657E+000 3.980093479E+000 3.999199629E+000
 4.006036758E+000 3.729402304E+000 3.732226849E+000 3.720473051E+000 3.688503265E+000
 3.595887661E+000 3.435364962E+000 3.268308878E+000 3.145957947E+000 3.067333698E+000
 3.029967546E+000 3.056495428E+000 3.122902870E+000 3.175894260E+000 3.258652449E+000
 3.431604147E+000 3.558163881E+000 3.652805328E+000 3.778698206E+000 3.844414949E+000
 3.891365767E+000 3.947495699E+000 3.969944715E+000 3.970284224E+000 3.968438625E+000
 3.700747013E+000 3.711254835E+000 3.720454454E+000 3.695985794E+000 3.596647263E+000
 3.434144020E+000 3.264797688E+000 3.140914202E+000 3.064172745E+000 3.026065588E+000
 3.038517237E+000 3.095418930E+000 3.151206255E+000 3.239959002E+000 3.426058054E+000
 3.562301636E+000 3.660226107E+000 3.782002211E+000 3.840234518E+000 3.880652428E+000
 3.929903507E+000 3.951147556E+000 3.957508564E+000 3.961471081E+000 3.681621313E+000
 3.695425272E+000 3.708109140E+000 3.684238434E+000 3.595381260E+000 3.475437880E+000
 3.315198660E+000 3.162575722E+000 3.080597639E+000 3.034342766E+000 3.028419018E+000
 3.066488504E+000 3.130188704E+000 3.236361504E+000 3.419589758E+000 3.551954985E+000
 3.649141550E+000 3.766583204E+000 3.820257902E+000 3.859560013E+000 3.904167652E+000
 3.932142258E+000 3.948432446E+000 3.950775623E+000 3.671477556E+000 3.683703899E+000
 3.694237947E+000 3.666023731E+000 3.575048447E+000 3.486192226E+000 3.343090773E+000
 3.176108122E+000 3.092705727E+000 3.042280197E+000 3.034886122E+000 3.068594933E+000
 3.137412310E+000 3.246271610E+000 3.398137093E+000 3.506010532E+000 3.599175692E+000
 3.720421076E+000 3.779433489E+000 3.820967197E+000 3.881201744E+000 3.925188065E+000
 3.941901922E+000 3.942909956E+000 3.662842274E+000 3.675107002E+000 3.685388565E+000
 3.655730247E+000 3.567309618E+000 3.482242346E+000 3.337145090E+000 3.179336786E+000
 3.098058939E+000 3.040404320E+000 3.037970781E+000 3.073771000E+000 3.133803606E+000
 3.223595381E+000 3.350980759E+000 3.444203615E+000 3.539151907E+000 3.678106546E+000
 3.753330231E+000 3.795497894E+000 3.854199648E+000 3.884302139E+000 3.875712156E+000
 3.864547253E+000 3.670264006E+000 3.678161860E+000 3.696078539E+000 3.691652060E+000
 3.647817612E+000 3.581356049E+000 3.424635649E+000 3.242571592E+000 3.127446651E+000
 3.050789118E+000 3.031942129E+000 3.059812069E+000 3.109477043E+000 3.183716059E+000
 3.313487768E+000 3.416648149E+000 3.511196136E+000 3.647287130E+000 3.720369816E+000
 3.753604889E+000 3.781956673E+000 3.787420988E+000 3.781853914E+000 3.776272535E+000
 3.700017214E+000 3.701522350E+000 3.718724251E+000 3.729489803E+000 3.698658228E+000
 3.638879299E+000 3.506453514E+000 3.309044600E+000 3.157982111E+000 3.073471785E+000
 3.034360647E+000 3.045809507E+000 3.090378046E+000 3.160266638E+000 3.286339760E+000
 3.388323307E+000 3.477821350E+000 3.594894648E+000 3.650988579E+000 3.678020477E+000
 3.706160069E+000 3.716950893E+000 3.721860647E+000 3.725498915E+000 3.725367308E+000
 3.732736826E+000 3.745247602E+000 3.743228912E+000 3.693834543E+000 3.634528637E+000
 3.530365467E+000 3.358913898E+000 3.213952780E+000 3.116492033E+000 3.053894281E+000
 3.035777330E+000 3.079542160E+000 3.158148527E+000 3.262148857E+000 3.340340614E+000
 3.421021938E+000 3.538107395E+000 3.600951195E+000 3.635160446E+000 3.668946981E+000
 3.682277441E+000 3.684622049E+000 3.682613134E+000 3.719130993E+000 3.726389408E+000
 3.742373228E+000 3.746210814E+000 3.711913109E+000 3.669522047E+000 3.584051847E+000
 3.416668653E+000 3.249570847E+000 3.134113073E+000 3.059288502E+000 3.027892351E+000
 3.059197187E+000 3.126518488E+000 3.223262310E+000 3.300122499E+000 3.381399155E+000
 3.514933109E+000 3.595849991E+000 3.633812666E+000 3.666995287E+000 3.678526402E+000
 3.682976484E+000 3.683213711E+000 3.710344315E+000 3.714694500E+000 3.728404522E+000
 3.740403891E+000 3.727999926E+000 3.705229521E+000 3.643779516E+000 3.457614183E+000
 3.263690710E+000 3.153999567E+000 3.067882061E+000 3.026568651E+000 3.037714005E+000
 3.078845978E+000 3.156503201E+000 3.242336988E+000 3.350894690E+000 3.506414413E+000
 3.603330612E+000 3.649319887E+000 3.689292669E+000 3.706647396E+000 3.716496229E+000
 3.717588663E+000 3.690791607E+000 3.694035053E+000 3.699217319E+000 3.712463379E+000
 3.719564438E+000 3.711713314E+000 3.668982029E+000 3.501481533E+000 3.311095715E+000
 3.195920706E+000 3.096676111E+000 3.037375689E+000 3.029532671E+000 3.061631203E+000
 3.124359608E+000 3.209918261E+000 3.335717201E+000 3.492408514E+000 3.589089155E+000
 3.651387215E+000 3.719712019E+000 3.752907991E+000 3.767293930E+000 3.771112680E+000
 3.683314800E+000 3.677936554E+000 3.681468248E+000 3.698458910E+000 3.704659224E+000
 3.685575247E+000 3.645606518E+000 3.526764870E+000 3.349513769E+000 3.232308388E+000
 3.152293205E+000 3.069067717E+000 3.028127670E+000 3.046524525E+000 3.102537632E+000
 3.183418512E+000 3.305788755E+000 3.455342054E+000 3.544928074E+000 3.616098642E+000
 3.696277857E+000 3.746355772E+000 3.779165983E+000 3.787219763E+000 3.687790155E+000
 3.682265520E+000 3.685839176E+000 3.704698801E+000 3.712217569E+000 3.684906244E+000
 3.647430420E+000 3.562031031E+000 3.434025764E+000 3.315351248E+000 3.197779655E+000
 3.094818592E+000 3.036574125E+000 3.031795263E+000 3.066546440E+000 3.135146141E+000
 3.232126713E+000 3.332945347E+000 3.420916080E+000 3.537111759E+000 3.625801325E+000
 3.700114012E+000 3.768947124E+000 3.779064655E+000 3.712604523E+000 3.710915089E+000
 3.710948706E+000 3.725752831E+000 3.738674641E+000 3.724020243E+000 3.697985649E+000
 3.620517731E+000 3.528902531E+000 3.384116411E+000 3.202033043E+000 3.095703602E+000
 3.039964437E+000 3.026266813E+000 3.041911840E+000 3.092239618E+000 3.162478924E+000
 3.214253426E+000 3.312788725E+000 3.486190081E+000 3.612657785E+000 3.686935186E+000
 3.730775118E+000 3.735282421E+000 3.751847982E+000 3.746561766E+000 3.743183136E+000
 3.760603189E+000 3.776083469E+000 3.756768227E+000 3.725625515E+000 3.647142172E+000
 3.555211306E+000 3.413872480E+000 3.253585815E+000 3.149609566E+000 3.065682173E+000
 3.032081127E+000 3.024694204E+000 3.046717882E+000 3.099042416E+000 3.160429955E+000
 3.268585443E+000 3.432185650E+000 3.573991776E+000 3.639900208E+000 3.666614532E+000
 3.685020685E+000 3.780244350E+000 3.787603617E+000 3.797324896E+000 3.811420918E+000
 3.813575745E+000 3.772745609E+000 3.727243900E+000 3.648292780E+000 3.560428858E+000
 3.444666147E+000 3.329140186E+000 3.238227129E+000 3.129738092E+000 3.066053867E+000
 3.032720089E+000 3.026953459E+000 3.057069302E+000 3.118373871E+000 3.208521128E+000
 3.335251570E+000 3.447543621E+000 3.532536745E+000 3.616774559E+000 3.657016754E+000
 3.801656723E+000 3.824803829E+000 3.848928928E+000 3.843841791E+000 3.823958874E+000
 3.775193930E+000 3.725189924E+000 3.651420355E+000 3.571791887E+000 3.475801706E+000
 3.379851103E+000 3.293865919E+000 3.173732042E+000 3.086753130E+000 3.039262295E+000
 3.024504900E+000 3.041233778E+000 3.090039492E+000 3.164956331E+000 3.273704290E+000
 3.358870983E+000 3.459988356E+000 3.589300871E+000 3.636078119E+000 3.781459570E+000
 3.792857885E+000 3.803436756E+000 3.796762943E+000 3.786811590E+000 3.763719320E+000
 3.727834225E+000 3.679642677E+000 3.620191097E+000 3.551621675E+000 3.466566324E+000
 3.340505838E+000 3.212853670E+000 3.129000902E+000 3.065635443E+000 3.031527996E+000
 3.027463913E+000 3.062129736E+000 3.136289358E+000 3.218861103E+000 3.296280622E+000
 3.429236412E+000 3.584298134E+000 3.645123482E+000 3.744201660E+000 3.743310928E+000
 3.737860918E+000 3.720825434E+000 3.717797518E+000 3.726831436E+000 3.711718798E+000
 3.690623522E+000 3.649870872E+000 3.577943325E+000 3.498048306E+000 3.384206295E+000
 3.292612553E+000 3.225315332E+000 3.136592150E+000 3.069283247E+000 3.034262180E+000
 3.039454222E+000 3.097398520E+000 3.163540363E+000 3.249750376E+000 3.414450169E+000
 3.583561659E+000 3.651856899E+000 3.705148935E+000 3.703111887E+000 3.690022230E+000
 3.665884495E+000 3.662033081E+000 3.674099445E+000 3.669456244E+000 3.653946877E+000
 3.626616716E+000 3.560690403E+000 3.500152588E+000 3.437486410E+000 3.372392654E+000
 3.288443089E+000 3.173013926E+000 3.102514267E+000 3.054431200E+000 3.029216528E+000
 3.055093050E+000 3.113402367E+000 3.210176945E+000 3.356293440E+000 3.475495100E+000
 3.511896372E+000 3.672789097E+000 3.670542240E+000 3.656391859E+000 3.635664225E+000
 3.625535011E+000 3.627500296E+000 3.636794806E+000 3.638048172E+000 3.628656149E+000
 3.601634979E+000 3.566197157E+000 3.485754013E+000 3.382214785E+000 3.298522234E+000
 3.196863651E+000 3.114782333E+000 3.058053017E+000 3.025747299E+000 3.029318571E+000
 3.059114933E+000 3.123265028E+000 3.214076519E+000 3.270599127E+000 3.275813103E+000
 3.652180672E+000 3.650809288E+000 3.643521070E+000 3.622553110E+000 3.606915951E+000
 3.619485617E+000 3.642642021E+000 3.654411793E+000 3.660824537E+000 3.657383919E+000
 3.623965263E+000 3.538330555E+000 3.444780111E+000 3.369435310E+000 3.251239538E+000
 3.128552914E+000 3.057028294E+000 3.026544571E+000 3.021085739E+000 3.028022766E+000
 3.052269936E+000 3.090284824E+000 3.118481874E+000 3.125437260E+000 3.648576260E+000
 3.648159266E+000 3.648051500E+000 3.641169548E+000 3.632179976E+000 3.643785477E+000
 3.672911167E+000 3.690695286E+000 3.693161011E+000 3.690814734E+000 3.666957855E+000
 3.610242367E+000 3.559442282E+000 3.461170912E+000 3.292190075E+000 3.173895359E+000
 3.100132704E+000 3.047784805E+000 3.031257391E+000 3.023941278E+000 3.027809143E+000
 3.036931038E+000 3.045492887E+000 3.050580978E+000 3.665066004E+000 3.665349007E+000
 3.668847561E+000 3.672253132E+000 3.671852350E+000 3.680973053E+000 3.704427242E+000
 3.719124556E+000 3.715382814E+000 3.709412336E+000 3.702126026E+000 3.649800777E+000
 3.564074993E+000 3.469091892E+000 3.348041296E+000 3.264871836E+000 3.183140039E+000
 3.097205162E+000 3.067080975E+000 3.044712782E+000 3.028103113E+000 3.025994301E+000
 3.025475025E+000 3.024312496E+000 3.682789803E+000 3.683398008E+000 3.686332703E+000
 3.691807270E+000 3.702119589E+000 3.718117952E+000 3.727139473E+000 3.730698586E+000
 3.734622717E+000 3.729611397E+000 3.713044882E+000 3.668875694E+000 3.578536510E+000
 3.505451441E+000 3.429581404E+000 3.332396984E+000 3.255060911E+000 3.183911562E+000
 3.128759384E+000 3.086954594E+000 3.059880733E+000 3.041246891E+000 3.029600143E+000
 3.027454615E+000 3.695554256E+000 3.696097612E+000 3.697660208E+000 3.701649904E+000
 3.710422754E+000 3.717633724E+000 3.716959953E+000 3.718832731E+000 3.728250265E+000
 3.728898048E+000 3.715051889E+000 3.690752506E+000 3.644300699E+000 3.578035831E+000
 3.478278160E+000 3.377421856E+000 3.312112808E+000 3.266851664E+000 3.218594313E+000
 3.160619974E+000 3.112209558E+000 3.073717117E+000 3.055748940E+000 3.054221630E+000
 3.698589563E+000 3.698761225E+000 3.699549437E+000 3.702336311E+000 3.704942942E+000
 3.705465317E+000 3.701444864E+000 3.697423458E+000 3.702477932E+000 3.708162308E+000
 3.706936836E+000 3.690163374E+000 3.666240454E+000 3.604406357E+000 3.515832424E+000
 3.471253872E+000 3.429759741E+000 3.378555775E+000 3.329483747E+000 3.259684086E+000
 3.197451591E+000 3.163204908E+000 3.138665676E+000 3.124763250E+000 3.696603298E+000
 3.696491480E+000 3.696621180E+000 3.698394060E+000 3.699407578E+000 3.696977615E+000
 3.691558838E+000 3.682732582E+000 3.677122831E+000 3.684218884E+000 3.694592953E+000
 3.693079472E+000 3.681014776E+000 3.645619392E+000 3.600173235E+000 3.566709280E+000
 3.536394119E+000 3.495429516E+000 3.430459976E+000 3.354875088E+000 3.306185722E+000
 3.286252499E+000 3.246193886E+000 3.212495565E+000 3.695439577E+000 3.695290804E+000
 3.694503546E+000 3.691846609E+000 3.688746929E+000 3.685456514E+000 3.680712223E+000
 3.672283649E+000 3.662807703E+000 3.666880369E+000 3.683667898E+000 3.695736408E+000
 3.694360256E+000 3.686938286E+000 3.664119720E+000 3.620387077E+000 3.577918053E+000
 3.547423363E+000 3.514555693E+000 3.472474813E+000 3.426071405E+000 3.374414682E+000
 3.324896336E+000 3.301511049E+000 3.690244198E+000 3.690036774E+000 3.688972473E+000
 3.685410738E+000 3.681818247E+000 3.679899454E+000 3.678130865E+000 3.675822258E+000
 3.666170835E+000 3.658849955E+000 3.673095465E+000 3.690776825E+000 3.693266630E+000
 3.686249495E+000 3.673665047E+000 3.656419754E+000 3.631545305E+000 3.600474834E+000
 3.571551561E+000 3.552676439E+000 3.521964312E+000 3.456928253E+000 3.409355164E+000
 3.403873920E+000 3.685443878E+000 3.684385777E+000 3.682722092E+000 3.681110859E+000
 3.679706335E+000 3.679238796E+000 3.679025173E+000 3.678440094E+000 3.674336433E+000
 3.673713446E+000 3.684792042E+000 3.693941593E+000 3.692963362E+000 3.683303595E+000
 3.673040152E+000 3.669018745E+000 3.665256977E+000 3.648647308E+000 3.612621307E+000
 3.586010218E+000 3.575352669E+000 3.541561127E+000 3.506043434E+000 3.502781391E+000
 3.684875488E+000 3.682900429E+000 3.680827379E+000 3.680260897E+000 3.679897308E+000
 3.679741144E+000 3.679966450E+000 3.680721760E+000 3.681837797E+000 3.687193632E+000
 3.692901850E+000 3.693728924E+000 3.691026211E+000 3.681931496E+000 3.673343182E+000
 3.669874668E+000 3.666817904E+000 3.661279440E+000 3.635547876E+000 3.609174013E+000
 3.600196362E+000 3.574933052E+000 3.551909208E+000 3.547556162E+000
 1 2 26 25
 2 3 27 26
 3 4 28 27
 4 5 29 28
 5 6 30 29
 6 7 31 30
 7 8 32 31
 8 9 33 32
 9 10 34 33
 10 11 35 34
 11 12 36 35
 12 13 37 36
 13 14 38 37
 14 15 39 38
 15 16 40 39
 16 17 41 40
 17 18 42 41
 18 19 43 42
 19 20 44 43
 20 21 45 44
 21 22 46 45
 22 23 47 46
 23 24 48 47
 25 26 50 49
 26 27 51 50
 27 28 52 51
 28 29 53 52
 29 30 54 53
 30 31 55 54
 31 32 56 55
 32 33 57 56
 33 34 58 57
 34 35 59 58
 35 36 60 59
 36 37 61 60
 37 38 62 61
 38 39 63 62
 39 40 64 63
 40 41 65 64
 41 42 66 65
 42 43 67 66
 43 44 68 67
 44 45 69 68
 45 46 70 69
 46 47 71 70
 47 48 72 71
 49 50 74 73
 50 51 75 74
 51 52 76 75
 52 53 77 76
 53 54 78 77
 54 55 79 78
 55 56 80 79
 56 57 81 80
 57 58 82 81
 58 59 83 82
 59 60 84 83
 60 61 85 84
 61 62 86 85
 62 63 87 86
 63 64 88 87
 64 65 89 88
 65 66 90 89
 66 67 91 90
 67 68 92 91
 68 69 93 92
 69 70 94 93
 70 71 95 94
 71 72 96 95
 73 74 98 97
 74 75 99 98
 75 76 100 99
 76 77 101 100
 77 78 102 101
 78 79 103 102
 79 80 104 103
 80 81 105 104
 81 82 106 105
 82 83 107 106
 83 84 108 107
 84 85 109 108
 85 86 110 109
 86 87 111 110
 87 88 112 111
 88 89 113 112
 89 90 114 113
 90 91 115 114
 91 92 116 115
 92 93 117 116
 93 94 118 117
 94 95 119 118
 95 96 120 119
 97 98 122 121
 98 99 123 122
 99 100 124 123
 100 101 125 124
 101 102 126 125
 102 103 127 126
 103 104 128 127
 104 105 129 128
 105 106 130 129
 106 107 131 130
 107 108 132 131
 108 109 133 132
 109 110 134 133
 110 111 135 134
 111 112 136 135
 112 113 137 136
 113 114 138 137
 114 115 139 138
 115 116 140 139
 116 117 141 140
 117 118 142 141
 118 119 143 142
 119 120 144 143
 121 122 146 145
 122 123 147 146
 123 124 148 147
 124 125 149 148
 125 126 150 149
 126 127 151 150
 127 128 152 151
 128 129 153 152
 129 130 154 153
 130 131 155 154
 131 132 156 155
 132 133 157 156
 133 134 158 157
 134 135 159 158
 135 136 160 159
 136 137 161 160
 137 138 162 161
 138 139 163 162
 139 140 164 163
 140 141 165 164
 141 142 166 165
 142 143 167 166
 143 144 168 167
 145 146 170 169
 146 147 171 170
 147 148 172 171
 148 149 173 172
 149 150 174 173
 150 151 175 174
 151 152 176 175
 152 153 177 176
 153 154 178 177
 154 155 179 178
 155 156 180 179
 156 157 181 180
 157 158 182 181
 158 159 183 182
 159 160 184 183
 160 161 185 184
 161 162 186 185
 162 163 187 186
 163 164 188 187
 164 165 189 188
 165 166 190 189
 166 167 191 190
 167 168 192 191
 169 170 194 193
 170 171 195 194
 171 172 196 195
 172 173 197 196
 173 174 198 197
 174 175 199 198
 175 176 200 199
 176 177 201 200
 177 178 202 201
 178 179 203 202
 179 180 204 203
 180 181 205 204
 181 182 206 205
 182 183 207 206
 183 184 208 207
 184 185 209 208
 185 186 210 209
 186 187 211 210
 187 188 212 211
 188 189 213 212
 189 190 214 213
 190 191 215 214
 191 192 216 215
 193 194 218 217
 194 195 219 218
 195 196 220 219
 196 197 221 220
 197 198 222 221
 198 199 223 222
 199 200 224 223
 200 201 225 224
 201 202 226 225
 202 203 227 226
 203 204 228 227
 204 205 229 228
 205 206 230 229
 206 207 231 230
 207 208 232 231
 208 209 233 232
 209 210 234 233
 210 211 235 234
 211 212 236 235
 212 213 237 236
 213 214 238 237
 214 215 239 238
 215 216 240 239
 217 218 242 241
 218 219 243 242
 219 220 244 243
 220 221 245 244
 221 222 246 245
 222 223 247 246
 223 224 248 247
 224 225 249 248
 225 226 250 249
 226 227 251 250
 227 228 252 251
 228 229 253 252
 229 230 254 253
 230 231 255 254
 231 232 256 255
 232 233 257 256
 233 234 258 257
 234 235 259 258
 235 236 260 259
 236 237 261 260
 237 238 262 261
 238 239 263 262
 239 240 264 263
 241 242 266 265
 242 243 267 266
 243 244 268 267
 244 245 269 268
 245 246 270 269
 246 247 271 270
 247 248 272 271
 248 249 273 272
 249 250 274 273
 250 251 275 274
 251 252 276 275
 252 253 277 276
 253 254 278 277
 254 255 279 278
 255 256 280 279
 256 257 281 280
 257 258 282 281
 258 259 283 282
 259 260 284 283
 260 261 285 284
 261 262 286 285
 262 263 287 286
 263 264 288 287
 265 266 290 289
 266 267 291 290
 267 268 292 291
 268 269 293 292
 269 270 294 293
 270 271 295 294
 271 272 296 295
 272 273 297 296
 273 274 298 297
 274 275 299 298
 275 276 300 299
 276 277 301 300
 277 278 302 301
 278 279 303 302
 279 280 304 303
 280 281 305 304
 281 282 306 305
 282 283 307 306
 283 284 308 307
 284 285 309 308
 285 286 310 309
 286 287 311 310
 287 288 312 311
 289 290 314 313
 290 291 315 314
 291 292 316 315
 292 293 317 316
 293 294 318 317
 294 295 319 318
 295 296 320 319
 296 297 321 320
 297 298 322 321
 298 299 323 322
 299 300 324 323
 300 301 325 324
 301 302 326 325
 302 303 327 326
 303 304 328 327
 304 305 329 328
 305 306 330 329
 306 307 331 330
 307 308 332 331
 308 309 333 332
 309 310 334 333
 310 311 335 334
 311 312 336 335
 313 314 338 337
 314 315 339 338
 315 316 340 339
 316 317 341 340
 317 318 342 341
 318 319 343 342
 319 320 344 343
 320 321 345 344
 321 322 346 345
 322 323 347 346
 323 324 348 347
 324 325 349 348
 325 326 350 349
 326 327 351 350
 327 328 352 351
 328 329 353 352
 329 330 354 353
 330 331 355 354
 331 332 356 355
 332 333 357 356
 333 334 358 357
 334 335 359 358
 335 336 360 359
 337 338 362 361
 338 339 363 362
 339 340 364 363
 340 341 365 364
 341 342 366 365
 342 343 367 366
 343 344 368 367
 344 345 369 368
 345 346 370 369
 346 347 371 370
 347 348 372 371
 348 349 373 372
 349 350 374 373
 350 351 375 374
 351 352 376 375
 352 353 377 376
 353 354 378 377
 354 355 379 378
 355 356 380 379
 356 357 381 380
 357 358 382 381
 358 359 383 382
 359 360 384 383
 361 362 386 385
 362 363 387 386
 363 364 388 387
 364 365 389 388
 365 366 390 389
 366 367 391 390
 367 368 392 391
 368 369 393 392
 369 370 394 393
 370 371 395 394
 371 372 396 395
 372 373 397 396
 373 374 398 397
 374 375 399 398
 375 376 400 399
 376 377 401 400
 377 378 402 401
 378 379 403 402
 379 380 404 403
 380 381 405 404
 381 382 406 405
 382 383 407 406
 383 384 408 407
 385 386 410 409
 386 387 411 410
 387 388 412 411
 388 389 413 412
 389 390 414 413
 390 391 415 414
 391 392 416 415
 392 393 417 416
 393 394 418 417
 394 395 419 418
 395 396 420 419
 396 397 421 420
 397 398 422 421
 398 399 423 422
 399 400 424 423
 400 401 425 424
 401 402 426 425
 402 403 427 426
 403 404 428 427
 404 405 429 428
 405 406 430 429
 406 407 431 430
 407 408 432 431
 409 410 434 433
 410 411 435 434
 411 412 436 435
 412 413 437 436
 413 414 438 437
 414 415 439 438
 415 416 440 439
 416 417 441 440
 417 418 442 441
 418 419 443 442
 419 420 444 443
 420 421 445 444
 421 422 446 445
 422 423 447 446
 423 424 448 447
 424 425 449 448
 425 426 450 449
 426 427 451 450
 427 428 452 451
 428 429 453 452
 429 430 454 453
 430 431 455 454
 431 432 456 455
 433 434 458 457
 434 435 459 458
 435 436 460 459
 436 437 461 460
 437 438 462 461
 438 439 463 462
 439 440 464 463
 440 441 465 464
 441 442 466 465
 442 443 467 466
 443 444 468 467
 444 445 469 468
 445 446 470 469
 446 447 471 470
 447 448 472 471
 448 449 473 472
 449 450 474 473
 450 451 475 474
 451 452 476 475
 452 453 477 476
 453 454 478 477
 454 455 479 478
 455 456 480 479
 457 458 482 481
 458 459 483 482
 459 460 484 483
 460 461 485 484
 461 462 486 485
 462 463 487 486
 463 464 488 487
 464 465 489 488
 465 466 490 489
 466 467 491 490
 467 468 492 491
 468 469 493 492
 469 470 494 493
 470 471 495 494
 471 472 496 495
 472 473 497 496
 473 474 498 497
 474 475 499 498
 475 476 500 499
 476 477 501 500
 477 478 502 501
 478 479 503 502
 479 480 504 503
 481 482 506 505
 482 483 507 506
 483 484 508 507
 484 485 509 508
 485 486 510 509
 486 487 511 510
 487 488 512 511
 488 489 513 512
 489 490 514 513
 490 491 515 514
 491 492 516 515
 492 493 517 516
 493 494 518 517
 494 495 519 518
 495 496 520 519
 496 497 521 520
 497 498 522 521
 498 499 523 522
 499 500 524 523
 500 501 525 524
 501 502 526 525
 502 503 527 526
 503 504 528 527
 505 506 530 529
 506 507 531 530
 507 508 532 531
 508 509 533 532
 509 510 534 533
 510 511 535 534
 511 512 536 535
 512 513 537 536
 513 514 538 537
 514 515 539 538
 515 516 540 539
 516 517 541 540
 517 518 542 541
 518 519 543 542
 519 520 544 543
 520 521 545 544
 521 522 546 545
 522 523 547 546
 523 524 548 547
 524 525 549 548
 525 526 550 549
 526 527 551 550
 527 528 552 551
 529 530 554 553
 530 531 555 554
 531 532 556 555
 532 533 557 556
 533 534 558 557
 534 535 559 558
 535 536 560 559
 536 537 561 560
 537 538 562 561
 538 539 563 562
 539 540 564 563
 540 541 565 564
 541 542 566 565
 542 543 567 566
 543 544 568 567
 544 545 569 568
 545 546 570 569
 546 547 571 570
 547 548 572 571
 548 549 573 572
 549 550 574 573
 550 551 575 574
 551 552 576 575
 553 554 578 577
 554 555 579 578
 555 556 580 579
 556 557 581 580
 557 558 582 581
 558 559 583 582
 559 560 584 583
 560 561 585 584
 561 562 586 585
 562 563 587 586
 563 564 588 587
 564 565 589 588
 565 566 590 589
 566 567 591 590
 567 568 592 591
 568 569 593 592
 569 570 594 593
 570 571 595 594
 571 572 596 595
 572 573 597 596
 573 574 598 597
 574 575 599 598
 575 576 600 599
 577 578 602 601
 578 579 603 602
 579 580 604 603
 580 581 605 604
 581 582 606 605
 582 583 607 606
 583 584 608 607
 584 585 609 608
 585 586 610 609
 586 587 611 610
 587 588 612 611
 588 589 613 612
 589 590 614 613
 590 591 615 614
 591 592 616 615
 592 593 617 616
 593 594 618 617
 594 595 619 618
 595 596 620 619
 596 597 621 620
 597 598 622 621
 598 599 623 622
 599 600 624 623
 601 602 626 625
 602 603 627 626
 603 604 628 627
 604 605 629 628
 605 606 630 629
 606 607 631 630
 607 608 632 631
 608 609 633 632
 609 610 634 633
 610 611 635 634
 611 612 636 635
 612 613 637 636
 613 614 638 637
 614 615 639 638
 615 616 640 639
 616 617 641 640
 617 618 642 641
 618 619 643 642
 619 620 644 643
 620 621 645 644
 621 622 646 645
 622 623 647 646
 623 624 648 647
 625 626 650 649
 626 627 651 650
 627 628 652 651
 628 629 653 652
 629 630 654 653
 630 631 655 654
 631 632 656 655
 632 633 657 656
 633 634 658 657
 634 635 659 658
 635 636 660 659
 636 637 661 660
 637 638 662 661
 638 639 663 662
 639 640 664 663
 640 641 665 664
 641 642 666 665
 642 643 667 666
 643 644 668 667
 644 645 669 668
 645 646 670 669
 646 647 671 670
 647 648 672 671
 649 650 674 673
 650 651 675 674
 651 652 676 675
 652 653 677 676
 653 654 678 677
 654 655 679 678
 655 656 680 679
 656 657 681 680
 657 658 682 681
 658 659 683 682
 659 660 684 683
 660 661 685 684
 661 662 686 685
 662 663 687 686
 663 664 688 687
 664 665 689 688
 665 666 690 689
 666 667 691 690
 667 668 692 691
 668 669 693 692
 669 670 694 693
 670 671 695 694
 671 672 696 695
 673 674 698 697
 674 675 699 698
 675 676 700 699
 676 677 701 700
 677 678 702 701
 678 679 703 702
 679 680 704 703
 680 681 705 704
 681 682 706 705
 682 683 707 706
 683 684 708 707
 684 685 709 708
 685 686 710 709
 686 687 711 710
 687 688 712 711
 688 689 713 712
 689 690 714 713
 690 691 715 714
 691 692 716 715
 692 693 717 716
 693 694 718 717
 694 695 719 718
 695 696 720 719
 697 698 722 721
 698 699 723 722
 699 700 724 723
 700 701 725 724
 701 702 726 725
 702 703 727 726
 703 704 728 727
 704 705 729 728
 705 706 730 729
 706 707 731 730
 707 708 732 731
 708 709 733 732
 709 710 734 733
 710 711 735 734
 711 712 736 735
 712 713 737 736
 713 714 738 737
 714 715 739 738
 715 716 740 739
 716 717 741 740
 717 718 742 741
 718 719 743 742
 719 720 744 743
 721 722 746 745
 722 723 747 746
 723 724 748 747
 724 725 749 748
 725 726 750 749
 726 727 751 750
 727 728 752 751
 728 729 753 752
 729 730 754 753
 730 731 755 754
 731 732 756 755
 732 733 757 756
 733 734 758 757
 734 735 759 758
 735 736 760 759
 736 737 761 760
 737 738 762 761
 738 739 763 762
 739 740 764 763
 740 741 765 764
 741 742 766 765
 742 743 767 766
 743 744 768 767
 745 746 770 769
 746 747 771 770
 747 748 772 771
 748 749 773 772
 749 750 774 773
 750 751 775 774
 751 752 776 775
 752 753 777 776
 753 754 778 777
 754 755 779 778
 755 756 780 779
 756 757 781 780
 757 758 782 781
 758 759 783 782
 759 760 784 783
 760 761 785 784
 761 762 786 785
 762 763 787 786
 763 764 788 787
 764 765 789 788
 765 766 790 789
 766 767 791 790
 767 768 792 791
 769 770 794 793
 770 771 795 794
 771 772 796 795
 772 773 797 796
 773 774 798 797
 774 775 799 798
 775 776 800 799
 776 777 801 800
 777 778 802 801
 778 779 803 802
 779 780 804 803
 780 781 805 804
 781 782 806 805
 782 783 807 806
 783 784 808 807
 784 785 809 808
 785 786 810 809
 786 787 811 810
 787 788 812 811
 788 789 813 812
 789 790 814 813
 790 791 815 814
 791 792 816 815
 793 794 818 817
 794 795 819 818
 795 796 820 819
 796 797 821 820
 797 798 822 821
 798 799 823 822
 799 800 824 823
 800 801 825 824
 801 802 826 825
 802 803 827 826
 803 804 828 827
 804 805 829 828
 805 806 830 829
 806 807 831 830
 807 808 832 831
 808 809 833 832
 809 810 834 833
 810 811 835 834
 811 812 836 835
 812 813 837 836
 813 814 838 837
 814 815 839 838
 815 816 840 839
 817 818 842 841
 818 819 843 842
 819 820 844 843
 820 821 845 844
 821 822 846 845
 822 823 847 846
 823 824 848 847
 824 825 849 848
 825 826 850 849
 826 827 851 850
 827 828 852 851
 828 829 853 852
 829 830 854 853
 830 831 855 854
 831 832 856 855
 832 833 857 856
 833 834 858 857
 834 835 859 858
 835 836 860 859
 836 837 861 860
 837 838 862 861
 838 839 863 862
 839 840 864 863
 841 842 866 865
 842 843 867 866
 843 844 868 867
 844 845 869 868
 845 846 870 869
 846 847 871 870
 847 848 872 871
 848 849 873 872
 849 850 874 873
 850 851 875 874
 851 852 876 875
 852 853 877 876
 853 854 878 877
 854 855 879 878
 855 856 880 879
 856 857 881 880
 857 858 882 881
 858 859 883 882
 859 860 884 883
 860 861 885 884
 861 862 886 885
 862 863 887 886
 863 864 888 887
 865 866 890 889
 866 867 891 890
 867 868 892 891
 868 869 893 892
 869 870 894 893
 870 871 895 894
 871 872 896 895
 872 873 897 896
 873 874 898 897
 874 875 899 898
 875 876 900 899
 876 877 901 900
 877 878 902 901
 878 879 903 902
 879 880 904 903
 880 881 905 904
 881 882 906 905
 882 883 907 906
 883 884 908 907
 884 885 909 908
 885 886 910 909
 886 887 911 910
 887 888 912 911
 889 890 914 913
 890 891 915 914
 891 892 916 915
 892 893 917 916
 893 894 918 917
 894 895 919 918
 895 896 920 919
 896 897 921 920
 897 898 922 921
 898 899 923 922
 899 900 924 923
 900 901 925 924
 901 902 926 925
 902 903 927 926
 903 904 928 927
 904 905 929 928
 905 906 930 929
 906 907 931 930
 907 908 932 931
 908 909 933 932
 909 910 934 933
 910 911 935 934
 911 912 936 935
 913 914 938 937
 914 915 939 938
 915 916 940 939
 916 917 941 940
 917 918 942 941
 918 919 943 942
 919 920 944 943
 920 921 945 944
 921 922 946 945
 922 923 947 946
 923 924 948 947
 924 925 949 948
 925 926 950 949
 926 927 951 950
 927 928 952 951
 928 929 953 952
 929 930 954 953
 930 931 955 954
 931 932 956 955
 932 933 957 956
 933 934 958 957
 934 935 959 958
 935 936 960 959
 937 938 962 961
 938 939 963 962
 939 940 964 963
 940 941 965 964
 941 942 966 965
 942 943 967 966
 943 944 968 967
 944 945 969 968
 945 946 970 969
 946 947 971 970
 947 948 972 971
 948 949 973 972
 949 950 974 973
 950 951 975 974
 951 952 976 975
 952 953 977 976
 953 954 978 977
 954 955 979 978
 955 956 980 979
 956 957 981 980
 957 958 982 981
 958 959 983 982
 959 960 984 983
 961 962 986 985
 962 963 987 986
 963 964 988 987
 964 965 989 988
 965 966 990 989
 966 967 991 990
 967 968 992 991
 968 969 993 992
 969 970 994 993
 970 971 995 994
 971 972 996 995
 972 973 997 996
 973 974 998 997
 974 975 999 998
 975 976 1000 999
 976 977 1001 1000
 977 978 1002 1001
 978 979 1003 1002
 979 980 1004 1003
 980 981 1005 1004
 981 982 1006 1005
 982 983 1007 1006
 983 984 1008 1007
 985 986 1010 1009
 986 987 1011 1010
 987 988 1012 1011
 988 989 1013 1012
 989 990 1014 1013
 990 991 1015 1014
 991 992 1016 1015
 992 993 1017 1016
 993 994 1018 1017
 994 995 1019 1018
 995 996 1020 1019
 996 997 1021 1020
 997 998 1022 1021
 998 999 1023 1022
 999 1000 1024 1023
 1000 1001 1025 1024
 1001 1002 1026 1025
 1002 1003 1027 1026
 1003 1004 1028 1027
 1004 1005 1029 1028
 1005 1006 1030 1029
 1006 1007 1031 1030
 1007 1008 1032 1031
 1009 1010 1034 1033
 1010 1011 1035 1034
 1011 1012 1036 1035
 1012 1013 1037 1036
 1013 1014 1038 1037
 1014 1015 1039 1038
 1015 1016 1040 1039
 1016 1017 1041 1040
 1017 1018 1042 1041
 1018 1019 1043 1042
 1019 1020 1044 1043
 1020 1021 1045 1044
 1021 1022 1046 1045
 1022 1023 1047 1046
 1023 1024 1048 1047
 1024 1025 1049 1048
 1025 1026 1050 1049
 1026 1027 1051 1050
 1027 1028 1052 1051
 1028 1029 1053 1052
 1029 1030 1054 1053
 1030 1031 1055 1054
 1031 1032 1056 1055
 1033 1034 1058 1057
 1034 1035 1059 1058
 1035 1036 1060 1059
 1036 1037 1061 1060
 1037 1038 1062 1061
 1038 1039 1063 1062
 1039 1040 1064 1063
 1040 1041 1065 1064
 1041 1042 1066 1065
 1042 1043 1067 1066
 1043 1044 1068 1067
 1044 1045 1069 1068
 1045 1046 1070 1069
 1046 1047 1071 1070
 1047 1048 1072 1071
 1048 1049 1073 1072
 1049 1050 1074 1073
 1050 1051 1075 1074
 1051 1052 1076 1075
 1052 1053 1077 1076
 1053 1054 1078 1077
 1054 1055 1079 1078
 1055 1056 1080 1079
 1057 1058 1082 1081
 1058 1059 1083 1082
 1059 1060 1084 1083
 1060 1061 1085 1084
 1061 1062 1086 1085
 1062 1063 1087 1086
 1063 1064 1088 1087
 1064 1065 1089 1088
 1065 1066 1090 1089
 1066 1067 1091 1090
 1067 1068 1092 1091
 1068 1069 1093 1092
 1069 1070 1094 1093
 1070 1071 1095 1094
 1071 1072 1096 1095
 1072 1073 1097 1096
 1073 1074 1098 1097
 1074 1075 1099 1098
 1075 1076 1100 1099
 1076 1077 1101 1100
 1077 1078 1102 1101
 1078 1079 1103 1102
 1079 1080 1104 1103
 1081 1082 1106 1105
 1082 1083 1107 1106
 1083 1084 1108 1107
 1084 1085 1109 1108
 1085 1086 1110 1109
 1086 1087 1111 1110
 1087 1088 1112 1111
 1088 1089 1113 1112
 1089 1090 1114 1113
 1090 1091 1115 1114
 1091 1092 1116 1115
 1092 1093 1117 1116
 1093 1094 1118 1117
 1094 1095 1119 1118
 1095 1096 1120 1119
 1096 1097 1121 1120
 1097 1098 1122 1121
 1098 1099 1123 1122
 1099 1100 1124 1123
 1100 1101 1125 1124
 1101 1102 1126 1125
 1102 1103 1127 1126
 1103 1104 1128 1127
 1105 1106 1130 1129
 1106 1107 1131 1130
 1107 1108 1132 1131
 1108 1109 1133 1132
 1109 1110 1134 1133
 1110 1111 1135 1134
 1111 1112 1136 1135
 1112 1113 1137 1136
 1113 1114 1138 1137
 1114 1115 1139 1138
 1115 1116 1140 1139
 1116 1117 1141 1140
 1117 1118 1142 1141
 1118 1119 1143 1142
 1119 1120 1144 1143
 1120 1121 1145 1144
 1121 1122 1146 1145
 1122 1123 1147 1146
 1123 1124 1148 1147
 1124 1125 1149 1148
 1125 1126 1150 1149
 1126 1127 1151 1150
 1127 1128 1152 1151
 1129 1130 1154 1153
 1130 1131 1155 1154
 1131 1132 1156 1155
 1132 1133 1157 1156
 1133 1134 1158 1157
 1134 1135 1159 1158
 1135 1136 1160 1159
 1136 1137 1161 1160
 1137 1138 1162 1161
 1138 1139 1163 1162
 1139 1140 1164 1163
 1140 1141 1165 1164
 1141 1142 1166 1165
 1142 1143 1167 1166
 1143 1144 1168 1167
 1144 1145 1169 1168
 1145 1146 1170 1169
 1146 1147 1171 1170
 1147 1148 1172 1171
 1148 1149 1173 1172
 1149 1150 1174 1173
 1150 1151 1175 1174
 1151 1152 1176 1175
 1153 1154 1178 1177
 1154 1155 1179 1178
 1155 1156 1180 1179
 1156 1157 1181 1180
 1157 1158 1182 1181
 1158 1159 1183 1182
 1159 1160 1184 1183
 1160 1161 1185 1184
 1161 1162 1186 1185
 1162 1163 1187 1186
 1163 1164 1188 1187
 1164 1165 1189 1188
 1165 1166 1190 1189
 1166 1167 1191 1190
 1167 1168 1192 1191
 1168 1169 1193 1192
 1169 1170 1194 1193
 1170 1171 1195 1194
 1171 1172 1196 1195
 1172 1173 1197 1196
 1173 1174 1198 1197
 1174 1175 1199 1198
 1175 1176 1200 1199
 1177 1178 1202 1201
 1178 1179 1203 1202
 1179 1180 1204 1203
 1180 1181 1205 1204
 1181 1182 1206 1205
 1182 1183 1207 1206
 1183 1184 1208 1207
 1184 1185 1209 1208
 1185 1186 1210 1209
 1186 1187 1211 1210
 1187 1188 1212 1211
 1188 1189 1213 1212
 1189 1190 1214 1213
 1190 1191 1215 1214
 1191 1192 1216 1215
 1192 1193 1217 1216
 1193 1194 1218 1217
 1194 1195 1219 1218
 1195 1196 1220 1219
 1196 1197 1221 1220
 1197 1198 1222 1221
 1198 1199 1223 1222
 1199 1200 1224 1223
 1201 1202 1226 1225
 1202 1203 1227 1226
 1203 1204 1228 1227
 1204 1205 1229 1228
 1205 1206 1230 1229
 1206 1207 1231 1230
 1207 1208 1232 1231
 1208 1209 1233 1232
 1209 1210 1234 1233
 1210 1211 1235 1234
 1211 1212 1236 1235
 1212 1213 1237 1236
 1213 1214 1238 1237
 1214 1215 1239 1238
 1215 1216 1240 1239
 1216 1217 1241 1240
 1217 1218 1242 1241
 1218 1219 1243 1242
 1219 1220 1244 1243
 1220 1221 1245 1244
 1221 1222 1246 1245
 1222 1223 1247 1246
 1223 1224 1248 1247
 1225 1226 1250 1249
 1226 1227 1251 1250
 1227 1228 1252 1251
 1228 1229 1253 1252
 1229 1230 1254 1253
 1230 1231 1255 1254
 1231 1232 1256 1255
 1232 1233 1257 1256
 1233 1234 1258 1257
 1234 1235 1259 1258
 1235 1236 1260 1259
 1236 1237 1261 1260
 1237 1238 1262 1261
 1238 1239 1263 1262
 1239 1240 1264 1263
 1240 1241 1265 1264
 1241 1242 1266 1265
 1242 1243 1267 1266
 1243 1244 1268 1267
 1244 1245 1269 1268
 1245 1246 1270 1269
 1246 1247 1271 1270
 1247 1248 1272 1271
 1249 1250 1274 1273
 1250 1251 1275 1274
 1251 1252 1276 1275
 1252 1253 1277 1276
 1253 1254 1278 1277
 1254 1255 1279 1278
 1255 1256 1280 1279
 1256 1257 1281 1280
 1257 1258 1282 1281
 1258 1259 1283 1282
 1259 1260 1284 1283
 1260 1261 1285 1284
 1261 1262 1286 1285
 1262 1263 1287 1286
 1263 1264 1288 1287
 1264 1265 1289 1288
 1265 1266 1290 1289
 1266 1267 1291 1290
 1267 1268 1292 1291
 1268 1269 1293 1292
 1269 1270 1294 1293
 1270 1271 1295 1294
 1271 1272 1296 1295
 1273 1274 1298 1297
 1274 1275 1299 1298
 1275 1276 1300 1299
 1276 1277 1301 1300
 1277 1278 1302 1301
 1278 1279 1303 1302
 1279 1280 1304 1303
 1280 1281 1305 1304
 1281 1282 1306 1305
 1282 1283 1307 1306
 1283 1284 1308 1307
 1284 1285 1309 1308
 1285 1286 1310 1309
 1286 1287 1311 1310
 1287 1288 1312 1311
 1288 1289 1313 1312
 1289 1290 1314 1313
 1290 1291 1315 1314
 1291 1292 1316 1315
 1292 1293 1317 1316
 1293 1294 1318 1317
 1294 1295 1319 1318
 1295 1296 1320 1319
 1297 1298 1322 1321
 1298 1299 1323 1322
 1299 1300 1324 1323
 1300 1301 1325 1324
 1301 1302 1326 1325
 1302 1303 1327 1326
 1303 1304 1328 1327
 1304 1305 1329 1328
 1305 1306 1330 1329
 1306 1307 1331 1330
 1307 1308 1332 1331
 1308 1309 1333 1332
 1309 1310 1334 1333
 1310 1311 1335 1334
 1311 1312 1336 1335
 1312 1313 1337 1336
 1313 1314 1338 1337
 1314 1315 1339 1338
 1315 1316 1340 1339
 1316 1317 1341 1340
 1317 1318 1342 1341
 1318 1319 1343 1342
 1319 1320 1344 1343
 1321 1322 1346 1345
 1322 1323 1347 1346
 1323 1324 1348 1347
 1324 1325 1349 1348
 1325 1326 1350 1349
 1326 1327 1351 1350
 1327 1328 1352 1351
 1328 1329 1353 1352
 1329 1330 1354 1353
 1330 1331 1355 1354
 1331 1332 1356 1355
 1332 1333 1357 1356
 1333 1334 1358 1357
 1334 1335 1359 1358
 1335 1336 1360 1359
 1336 1337 1361 1360
 1337 1338 1362 1361
 1338 1339 1363 1362
 1339 1340 1364 1363
 1340 1341 1365 1364
 1341 1342 1366 1365
 1342 1343 1367 1366
 1343 1344 1368 1367
 1345 1346 1370 1369
 1346 1347 1371 1370
 1347 1348 1372 1371
 1348 1349 1373 1372
 1349 1350 1374 1373
 1350 1351 1375 1374
 1351 1352 1376 1375
 1352 1353 1377 1376
 1353 1354 1378 1377
 1354 1355 1379 1378
 1355 1356 1380 1379
 1356 1357 1381 1380
 1357 1358 1382 1381
 1358 1359 1383 1382
 1359 1360 1384 1383
 1360 1361 1385 1384
 1361 1362 1386 1385
 1362 1363 1387 1386
 1363 1364 1388 1387
 1364 1365 1389 1388
 1365 1366 1390 1389
 1366 1367 1391 1390
 1367 1368 1392 1391
 1369 1370 1394 1393
 1370 1371 1395 1394
 1371 1372 1396 1395
 1372 1373 1397 1396
 1373 1374 1398 1397
 1374 1375 1399 1398
 1375 1376 1400 1399
 1376 1377 1401 1400
 1377 1378 1402 1401
 1378 1379 1403 1402
 1379 1380 1404 1403
 1380 1381 1405 1404
 1381 1382 1406 1405
 1382 1383 1407 1406
 1383 1384 1408 1407
 1384 1385 1409 1408
 1385 1386 1410 1409
 1386 1387 1411 1410
 1387 1388 1412 1411
 1388 1389 1413 1412
 1389 1390 1414 1413
 1390 1391 1415 1414
 1391 1392 1416 1415
 1393 1394 1418 1417
 1394 1395 1419 1418
 1395 1396 1420 1419
 1396 1397 1421 1420
 1397 1398 1422 1421
 1398 1399 1423 1422
 1399 1400 1424 1423
 1400 1401 1425 1424
 1401 1402 1426 1425
 1402 1403 1427 1426
 1403 1404 1428 1427
 1404 1405 1429 1428
 1405 1406 1430 1429
 1406 1407 1431 1430
 1407 1408 1432 1431
 1408 1409 1433 1432
 1409 1410 1434 1433
 1410 1411 1435 1434
 1411 1412 1436 1435
 1412 1413 1437 1436
 1413 1414 1438 1437
 1414 1415 1439 1438
 1415 1416 1440 1439
 1417 1418 1442 1441
 1418 1419 1443 1442
 1419 1420 1444 1443
 1420 1421 1445 1444
 1421 1422 1446 1445
 1422 1423 1447 1446
 1423 1424 1448 1447
 1424 1425 1449 1448
 1425 1426 1450 1449
 1426 1427 1451 1450
 1427 1428 1452 1451
 1428 1429 1453 1452
 1429 1430 1454 1453
 1430 1431 1455 1454
 1431 1432 1456 1455
 1432 1433 1457 1456
 1433 1434 1458 1457
 1434 1435 1459 1458
 1435 1436 1460 1459
 1436 1437 1461 1460
 1437 1438 1462 1461
 1438 1439 1463 1462
 1439 1440 1464 1463
 1441 1442 1466 1465
 1442 1443 1467 1466
 1443 1444 1468 1467
 1444 1445 1469 1468
 1445 1446 1470 1469
 1446 1447 1471 1470
 1447 1448 1472 1471
 1448 1449 1473 1472
 1449 1450 1474 1473
 1450 1451 1475 1474
 1451 1452 1476 1475
 1452 1453 1477 1476
 1453 1454 1478 1477
 1454 1455 1479 1478
 1455 1456 1480 1479
 1456 1457 1481 1480
 1457 1458 1482 1481
 1458 1459 1483 1482
 1459 1460 1484 1483
 1460 1461 1485 1484
 1461 1462 1486 1485
 1462 1463 1487 1486
 1463 1464 1488 1487
 1465 1466 1490 1489
 1466 1467 1491 1490
 1467 1468 1492 1491
 1468 1469 1493 1492
 1469 1470 1494 1493
 1470 1471 1495 1494
 1471 1472 1496 1495
 1472 1473 1497 1496
 1473 1474 1498 1497
 1474 1475 1499 1498
 1475 1476 1500 1499
 1476 1477 1501 1500
 1477 1478 1502 1501
 1478 1479 1503 1502
 1479 1480 1504 1503
 1480 1481 1505 1504
 1481 1482 1506 1505
 1482 1483 1507 1506
 1483 1484 1508 1507
 1484 1485 1509 1508
 1485 1486 1510 1509
 1486 1487 1511 1510
 1487 1488 1512 1511
 1489 1490 1514 1513
 1490 1491 1515 1514
 1491 1492 1516 1515
 1492 1493 1517 1516
 1493 1494 1518 1517
 1494 1495 1519 1518
 1495 1496 1520 1519
 1496 1497 1521 1520
 1497 1498 1522 1521
 1498 1499 1523 1522
 1499 1500 1524 1523
 1500 1501 1525 1524
 1501 1502 1526 1525
 1502 1503 1527 1526
 1503 1504 1528 1527
 1504 1505 1529 1528
 1505 1506 1530 1529
 1506 1507 1531 1530
 1507 1508 1532 1531
 1508 1509 1533 1532
 1509 1510 1534 1533
 1510 1511 1535 1534
 1511 1512 1536 1535
 1513 1514 1538 1537
 1514 1515 1539 1538
 1515 1516 1540 1539
 1516 1517 1541 1540
 1517 1518 1542 1541
 1518 1519 1543 1542
 1519 1520 1544 1543
 1520 1521 1545 1544
 1521 1522 1546 1545
 1522 1523 1547 1546
 1523 1524 1548 1547
 1524 1525 1549 1548
 1525 1526 1550 1549
 1526 1527 1551 1550
 1527 1528 1552 1551
 1528 1529 1553 1552
 1529 1530 1554 1553
 1530 1531 1555 1554
 1531 1532 1556 1555
 1532 1533 1557 1556
 1533 1534 1558 1557
 1534 1535 1559 1558
 1535 1536 1560 1559
 1537 1538 1562 1561
 1538 1539 1563 1562
 1539 1540 1564 1563
 1540 1541 1565 1564
 1541 1542 1566 1565
 1542 1543 1567 1566
 1543 1544 1568 1567
 1544 1545 1569 1568
 1545 1546 1570 1569
 1546 1547 1571 1570
 1547 1548 1572 1571
 1548 1549 1573 1572
 1549 1550 1574 1573
 1550 1551 1575 1574
 1551 1552 1576 1575
 1552 1553 1577 1576
 1553 1554 1578 1577
 1554 1555 1579 1578
 1555 1556 1580 1579
 1556 1557 1581 1580
 1557 1558 1582 1581
 1558 1559 1583 1582
 1559 1560 1584 1583
 1561 1562 1586 1585
 1562 1563 1587 1586
 1563 1564 1588 1587
 1564 1565 1589 1588
 1565 1566 1590 1589
 1566 1567 1591 1590
 1567 1568 1592 1591
 1568 1569 1593 1592
 1569 1570 1594 1593
 1570 1571 1595 1594
 1571 1572 1596 1595
 1572 1573 1597 1596
 1573 1574 1598 1597
 1574 1575 1599 1598
 1575 1576 1600 1599
 1576 1577 1601 1600
 1577 1578 1602 1601
 1578 1579 1603 1602
 1579 1580 1604 1603
 1580 1581 1605 1604
 1581 1582 1606 1605
 1582 1583 1607 1606
 1583 1584 1608 1607
 1585 1586 1610 1609
 1586 1587 1611 1610
 1587 1588 1612 1611
 1588 1589 1613 1612
 1589 1590 1614 1613
 1590 1591 1615 1614
 1591 1592 1616 1615
 1592 1593 1617 1616
 1593 1594 1618 1617
 1594 1595 1619 1618
 1595 1596 1620 1619
 1596 1597 1621 1620
 1597 1598 1622 1621
 1598 1599 1623 1622
 1599 1600 1624 1623
 1600 1601 1625 1624
 1601 1602 1626 1625
 1602 1603 1627 1626
 1603 1604 1628 1627
 1604 1605 1629 1628
 1605 1606 1630 1629
 1606 1607 1631 1630
 1607 1608 1632 1631
 1609 1610 1634 1633
 1610 1611 1635 1634
 1611 1612 1636 1635
 1612 1613 1637 1636
 1613 1614 1638 1637
 1614 1615 1639 1638
 1615 1616 1640 1639
 1616 1617 1641 1640
 1617 1618 1642 1641
 1618 1619 1643 1642
 1619 1620 1644 1643
 1620 1621 1645 1644
 1621 1622 1646 1645
 1622 1623 1647 1646
 1623 1624 1648 1647
 1624 1625 1649 1648
 1625 1626 1650 1649
 1626 1627 1651 1650
 1627 1628 1652 1651
 1628 1629 1653 1652
 1629 1630 1654 1653
 1630 1631 1655 1654
 1631 1632 1656 1655
 1633 1634 1658 1657
 1634 1635 1659 1658
 1635 1636 1660 1659
 1636 1637 1661 1660
 1637 1638 1662 1661
 1638 1639 1663 1662
 1639 1640 1664 1663
 1640 1641 1665 1664
 1641 1642 1666 1665
 1642 1643 1667 1666
 1643 1644 1668 1667
 1644 1645 1669 1668
 1645 1646 1670 1669
 1646 1647 1671 1670
 1647 1648 1672 1671
 1648 1649 1673 1672
 1649 1650 1674 1673
 1650 1651 1675 1674
 1651 1652 1676 1675
 1652 1653 1677 1676
 1653 1654 1678 1677
 1654 1655 1679 1678
 1655 1656 1680 1679
 1657 1658 1682 1681
 1658 1659 1683 1682
 1659 1660 1684 1683
 1660 1661 1685 1684
 1661 1662 1686 1685
 1662 1663 1687 1686
 1663 1664 1688 1687
 1664 1665 1689 1688
 1665 1666 1690 1689
 1666 1667 1691 1690
 1667 1668 1692 1691
 1668 1669 1693 1692
 1669 1670 1694 1693
 1670 1671 1695 1694
 1671 1672 1696 1695
 1672 1673 1697 1696
 1673 1674 1698 1697
 1674 1675 1699 1698
 1675 1676 1700 1699
 1676 1677 1701 1700
 1677 1678 1702 1701
 1678 1679 1703 1702
 1679 1680 1704 1703
