TITLE     = ""
VARIABLES = "X" 
"Y"
"Cell Elevation"
ZONE T="ZONE 001"
 STRANDID=0, SOLUTIONTIME=0
 I=1610, J=1, K=1, ZONETYPE=Ordered
 DATAPACKING=POINT
 DT=(SINGLE SINGLE SINGLE )
1.616850090E+001 5.715000033E-001 4.405900002E+000 
1.544989967E+001 5.715000033E-001 4.416999817E+000 
1.473130035E+001 5.715000033E-001 4.423999786E+000 
1.401270008E+001 5.715000033E-001 4.452700138E+000 
1.329409981E+001 5.715000033E-001 4.595699787E+000 
1.257549953E+001 5.715000033E-001 4.595699787E+000 
1.185690022E+001 5.715000033E-001 4.629499912E+000 
1.113829994E+001 5.715000033E-001 4.629499912E+000 
1.041969967E+001 5.715000033E-001 4.381800175E+000 
9.701099396E+000 5.715000033E-001 4.381800175E+000 
8.982500076E+000 5.715000033E-001 4.381800175E+000 
8.263899803E+000 5.715000033E-001 4.190199852E+000 
7.545300007E+000 5.715000033E-001 4.190199852E+000 
6.826699734E+000 5.715000033E-001 4.190199852E+000 
6.108100414E+000 5.715000033E-001 4.088300228E+000 
5.389500141E+000 5.715000033E-001 4.084099770E+000 
4.670899868E+000 5.715000033E-001 4.079500198E+000 
3.952300549E+000 5.715000033E-001 4.077199936E+000 
3.233700275E+000 5.715000033E-001 4.060500145E+000 
2.515100002E+000 5.715000033E-001 4.058700085E+000 
1.796499610E+000 5.715000033E-001 4.057700157E+000 
1.077900290E+000 5.715000033E-001 4.056799889E+000 
3.592990935E-001 5.715000033E-001 4.056300163E+000 
1.616850090E+001 1.714499950E+000 4.410999775E+000 
1.544989967E+001 1.714499950E+000 4.412899971E+000 
1.473130035E+001 1.714499950E+000 4.415200233E+000 
1.401270008E+001 1.714499950E+000 4.428100109E+000 
1.329409981E+001 1.714499950E+000 4.595699787E+000 
1.257549953E+001 1.714499950E+000 4.595699787E+000 
1.185690022E+001 1.714499950E+000 4.307799816E+000 
1.113829994E+001 1.714499950E+000 4.307799816E+000 
1.041969967E+001 1.714499950E+000 4.321599960E+000 
9.701099396E+000 1.714499950E+000 4.095200062E+000 
8.982500076E+000 1.714499950E+000 4.153999805E+000 
8.263899803E+000 1.714499950E+000 4.153999805E+000 
7.545300007E+000 1.714499950E+000 4.045199871E+000 
6.826699734E+000 1.714499950E+000 4.081299782E+000 
6.108100414E+000 1.714499950E+000 4.081299782E+000 
5.389500141E+000 1.714499950E+000 4.073900223E+000 
4.670899868E+000 1.714499950E+000 4.055399895E+000 
3.952300549E+000 1.714499950E+000 4.056799889E+000 
3.233700275E+000 1.714499950E+000 4.022999763E+000 
2.515100002E+000 1.714499950E+000 4.022099972E+000 
1.796499610E+000 1.714499950E+000 4.021200180E+000 
1.077900290E+000 1.714499950E+000 4.015600204E+000 
3.592990935E-001 1.714499950E+000 4.014699936E+000 
1.616850090E+001 2.857500076E+000 4.379099846E+000 
1.544989967E+001 2.857500076E+000 4.387400150E+000 
1.473130035E+001 2.857500076E+000 4.563300133E+000 
1.401270008E+001 2.857500076E+000 4.563300133E+000 
1.329409981E+001 2.857500076E+000 4.563300133E+000 
1.257549953E+001 2.857500076E+000 4.059999943E+000 
1.185690022E+001 2.857500076E+000 4.059999943E+000 
1.113829994E+001 2.857500076E+000 3.859999895E+000 
1.041969967E+001 2.857500076E+000 3.859999895E+000 
9.701099396E+000 2.857500076E+000 4.095200062E+000 
8.982500076E+000 2.857500076E+000 3.940599918E+000 
8.263899803E+000 2.857500076E+000 3.940599918E+000 
7.545300007E+000 2.857500076E+000 4.045199871E+000 
6.826699734E+000 2.857500076E+000 4.045199871E+000 
6.108100414E+000 2.857500076E+000 4.025300026E+000 
5.389500141E+000 2.857500076E+000 4.025300026E+000 
4.670899868E+000 2.857500076E+000 4.022999763E+000 
3.952300549E+000 2.857500076E+000 4.021200180E+000 
3.233700275E+000 2.857500076E+000 4.020199776E+000 
2.515100002E+000 2.857500076E+000 4.018400192E+000 
1.796499610E+000 2.857500076E+000 4.011899948E+000 
1.077900290E+000 2.857500076E+000 4.011400223E+000 
3.592990935E-001 2.857500076E+000 4.008200169E+000 
1.616850090E+001 4.000500202E+000 4.419300079E+000 
1.544989967E+001 4.000500202E+000 4.419799805E+000 
1.473130035E+001 4.000500202E+000 4.563300133E+000 
1.401270008E+001 4.000500202E+000 4.563300133E+000 
1.329409981E+001 4.000500202E+000 4.167900085E+000 
1.257549953E+001 4.000500202E+000 3.741499901E+000 
1.185690022E+001 4.000500202E+000 3.741499901E+000 
1.113829994E+001 4.000500202E+000 3.464200020E+000 
1.041969967E+001 4.000500202E+000 3.464200020E+000 
9.701099396E+000 4.000500202E+000 3.725300074E+000 
8.982500076E+000 4.000500202E+000 3.725300074E+000 
8.263899803E+000 4.000500202E+000 3.819799900E+000 
7.545300007E+000 4.000500202E+000 3.961400032E+000 
6.826699734E+000 4.000500202E+000 3.961400032E+000 
6.108100414E+000 4.000500202E+000 4.025300026E+000 
5.389500141E+000 4.000500202E+000 4.025300026E+000 
4.670899868E+000 4.000500202E+000 4.016099930E+000 
3.952300549E+000 4.000500202E+000 4.007699966E+000 
3.233700275E+000 4.000500202E+000 4.001699924E+000 
2.515100002E+000 4.000500202E+000 4.000299931E+000 
1.796499610E+000 4.000500202E+000 3.999900103E+000 
1.077900290E+000 4.000500202E+000 3.999399900E+000 
3.592990935E-001 4.000500202E+000 3.998899937E+000 
1.616850090E+001 5.143499851E+000 4.599899769E+000 
1.544989967E+001 5.143499851E+000 4.599899769E+000 
1.473130035E+001 5.143499851E+000 4.599899769E+000 
1.401270008E+001 5.143499851E+000 4.026199818E+000 
1.329409981E+001 5.143499851E+000 4.026199818E+000 
1.257549953E+001 5.143499851E+000 3.609100103E+000 
1.185690022E+001 5.143499851E+000 3.235899925E+000 
1.113829994E+001 5.143499851E+000 3.235899925E+000 
1.041969967E+001 5.143499851E+000 3.296999931E+000 
9.701099396E+000 5.143499851E+000 3.649800062E+000 
8.982500076E+000 5.143499851E+000 3.649800062E+000 
8.263899803E+000 5.143499851E+000 3.819799900E+000 
7.545300007E+000 5.143499851E+000 3.936899900E+000 
6.826699734E+000 5.143499851E+000 3.936899900E+000 
6.108100414E+000 5.143499851E+000 4.021200180E+000 
5.389500141E+000 5.143499851E+000 3.986000061E+000 
4.670899868E+000 5.143499851E+000 3.986000061E+000 
3.952300549E+000 5.143499851E+000 3.997999907E+000 
3.233700275E+000 5.143499851E+000 3.997499943E+000 
2.515100002E+000 5.143499851E+000 3.997100115E+000 
1.796499610E+000 5.143499851E+000 3.997100115E+000 
1.077900290E+000 5.143499851E+000 3.975300074E+000 
3.592990935E-001 5.143499851E+000 3.974900007E+000 
1.616850090E+001 6.286499977E+000 4.629499912E+000 
1.544989967E+001 6.286499977E+000 4.629499912E+000 
1.473130035E+001 6.286499977E+000 4.247099876E+000 
1.401270008E+001 6.286499977E+000 4.247099876E+000 
1.329409981E+001 6.286499977E+000 3.598000050E+000 
1.257549953E+001 6.286499977E+000 3.598000050E+000 
1.185690022E+001 6.286499977E+000 3.175299883E+000 
1.113829994E+001 6.286499977E+000 3.126199961E+000 
1.041969967E+001 6.286499977E+000 3.200000048E+000 
9.701099396E+000 6.286499977E+000 3.471100092E+000 
8.982500076E+000 6.286499977E+000 3.471100092E+000 
8.263899803E+000 6.286499977E+000 3.765599966E+000 
7.545300007E+000 6.286499977E+000 3.765599966E+000 
6.826699734E+000 6.286499977E+000 4.033699989E+000 
6.108100414E+000 6.286499977E+000 4.033699989E+000 
5.389500141E+000 6.286499977E+000 4.015600204E+000 
4.670899868E+000 6.286499977E+000 3.986000061E+000 
3.952300549E+000 6.286499977E+000 3.984600067E+000 
3.233700275E+000 6.286499977E+000 3.967900038E+000 
2.515100002E+000 6.286499977E+000 3.966500044E+000 
1.796499610E+000 6.286499977E+000 3.966099977E+000 
1.077900290E+000 6.286499977E+000 3.950799942E+000 
3.592990935E-001 6.286499977E+000 3.949899912E+000 
1.616850090E+001 7.429500103E+000 4.629499912E+000 
1.544989967E+001 7.429500103E+000 4.355899811E+000 
1.473130035E+001 7.429500103E+000 4.355899811E+000 
1.401270008E+001 7.429500103E+000 3.784600019E+000 
1.329409981E+001 7.429500103E+000 3.784600019E+000 
1.257549953E+001 7.429500103E+000 3.398000002E+000 
1.185690022E+001 7.429500103E+000 3.224299908E+000 
1.113829994E+001 7.429500103E+000 3.019999981E+000 
1.041969967E+001 7.429500103E+000 3.155800104E+000 
9.701099396E+000 7.429500103E+000 3.325299978E+000 
8.982500076E+000 7.429500103E+000 3.465100050E+000 
8.263899803E+000 7.429500103E+000 3.740099907E+000 
7.545300007E+000 7.429500103E+000 3.740099907E+000 
6.826699734E+000 7.429500103E+000 3.966099977E+000 
6.108100414E+000 7.429500103E+000 4.015600204E+000 
5.389500141E+000 7.429500103E+000 4.015600204E+000 
4.670899868E+000 7.429500103E+000 3.925800085E+000 
3.952300549E+000 7.429500103E+000 3.925800085E+000 
3.233700275E+000 7.429500103E+000 3.945699930E+000 
2.515100002E+000 7.429500103E+000 3.946099997E+000 
1.796499610E+000 7.429500103E+000 3.946099997E+000 
1.077900290E+000 7.429500103E+000 3.931799889E+000 
3.592990935E-001 7.429500103E+000 3.931799889E+000 
1.616850090E+001 8.572500229E+000 4.629499912E+000 
1.544989967E+001 8.572500229E+000 4.191100121E+000 
1.473130035E+001 8.572500229E+000 3.939199924E+000 
1.401270008E+001 8.572500229E+000 3.939199924E+000 
1.329409981E+001 8.572500229E+000 3.686399937E+000 
1.257549953E+001 8.572500229E+000 3.365999937E+000 
1.185690022E+001 8.572500229E+000 3.166500092E+000 
1.113829994E+001 8.572500229E+000 3.019999981E+000 
1.041969967E+001 8.572500229E+000 3.090500116E+000 
9.701099396E+000 8.572500229E+000 3.319700003E+000 
8.982500076E+000 8.572500229E+000 3.507699966E+000 
8.263899803E+000 8.572500229E+000 3.736399889E+000 
7.545300007E+000 8.572500229E+000 3.913700104E+000 
6.826699734E+000 8.572500229E+000 3.913700104E+000 
6.108100414E+000 8.572500229E+000 3.973000050E+000 
5.389500141E+000 8.572500229E+000 3.973000050E+000 
4.670899868E+000 8.572500229E+000 3.973000050E+000 
3.952300549E+000 8.572500229E+000 3.890599966E+000 
3.233700275E+000 8.572500229E+000 3.890599966E+000 
2.515100002E+000 8.572500229E+000 3.923899889E+000 
1.796499610E+000 8.572500229E+000 3.912400007E+000 
1.077900290E+000 8.572500229E+000 3.912400007E+000 
3.592990935E-001 8.572500229E+000 3.910000086E+000 
1.616850090E+001 9.715499878E+000 4.169799805E+000 
1.544989967E+001 9.715499878E+000 4.169799805E+000 
1.473130035E+001 9.715499878E+000 4.191100121E+000 
1.401270008E+001 9.715499878E+000 3.822999954E+000 
1.329409981E+001 9.715499878E+000 3.553999901E+000 
1.257549953E+001 9.715499878E+000 3.333600044E+000 
1.185690022E+001 9.715499878E+000 3.177099943E+000 
1.113829994E+001 9.715499878E+000 3.100699902E+000 
1.041969967E+001 9.715499878E+000 3.019999981E+000 
9.701099396E+000 9.715499878E+000 3.122499943E+000 
8.982500076E+000 9.715499878E+000 3.474800110E+000 
8.263899803E+000 9.715499878E+000 3.736399889E+000 
7.545300007E+000 9.715499878E+000 3.779900074E+000 
6.826699734E+000 9.715499878E+000 3.779900074E+000 
6.108100414E+000 9.715499878E+000 3.913300037E+000 
5.389500141E+000 9.715499878E+000 3.913300037E+000 
4.670899868E+000 9.715499878E+000 3.922100067E+000 
3.952300549E+000 9.715499878E+000 3.890599966E+000 
3.233700275E+000 9.715499878E+000 3.890599966E+000 
2.515100002E+000 9.715499878E+000 3.898900032E+000 
1.796499610E+000 9.715499878E+000 3.899399996E+000 
1.077900290E+000 9.715499878E+000 3.888299942E+000 
3.592990935E-001 9.715499878E+000 3.887799978E+000 
1.616850090E+001 1.085849953E+001 4.322100163E+000 
1.544989967E+001 1.085849953E+001 4.169799805E+000 
1.473130035E+001 1.085849953E+001 3.822999954E+000 
1.401270008E+001 1.085849953E+001 3.822999954E+000 
1.329409981E+001 1.085849953E+001 3.471600056E+000 
1.257549953E+001 1.085849953E+001 3.264600039E+000 
1.185690022E+001 1.085849953E+001 3.160399914E+000 
1.113829994E+001 1.085849953E+001 3.127599955E+000 
1.041969967E+001 1.085849953E+001 3.019999981E+000 
9.701099396E+000 1.085849953E+001 3.091000080E+000 
8.982500076E+000 1.085849953E+001 3.395200014E+000 
8.263899803E+000 1.085849953E+001 3.589200020E+000 
7.545300007E+000 1.085849953E+001 3.589200020E+000 
6.826699734E+000 1.085849953E+001 3.779900074E+000 
6.108100414E+000 1.085849953E+001 3.854000092E+000 
5.389500141E+000 1.085849953E+001 3.913300037E+000 
4.670899868E+000 1.085849953E+001 3.913300037E+000 
3.952300549E+000 1.085849953E+001 3.913300037E+000 
3.233700275E+000 1.085849953E+001 3.871599913E+000 
2.515100002E+000 1.085849953E+001 3.871599913E+000 
1.796499610E+000 1.085849953E+001 3.883599997E+000 
1.077900290E+000 1.085849953E+001 3.883599997E+000 
3.592990935E-001 1.085849953E+001 3.879499912E+000 
1.616850090E+001 1.200150013E+001 4.058700085E+000 
1.544989967E+001 1.200150013E+001 4.058700085E+000 
1.473130035E+001 1.200150013E+001 3.775799990E+000 
1.401270008E+001 1.200150013E+001 3.775799990E+000 
1.329409981E+001 1.200150013E+001 3.471600056E+000 
1.257549953E+001 1.200150013E+001 3.232700109E+000 
1.185690022E+001 1.200150013E+001 3.108999968E+000 
1.113829994E+001 1.200150013E+001 3.065999985E+000 
1.041969967E+001 1.200150013E+001 3.019999981E+000 
9.701099396E+000 1.200150013E+001 3.065500021E+000 
8.982500076E+000 1.200150013E+001 3.168800116E+000 
8.263899803E+000 1.200150013E+001 3.279000044E+000 
7.545300007E+000 1.200150013E+001 3.683599949E+000 
6.826699734E+000 1.200150013E+001 3.683599949E+000 
6.108100414E+000 1.200150013E+001 3.854000092E+000 
5.389500141E+000 1.200150013E+001 3.885999918E+000 
4.670899868E+000 1.200150013E+001 3.885999918E+000 
3.952300549E+000 1.200150013E+001 3.892899990E+000 
3.233700275E+000 1.200150013E+001 3.892899990E+000 
2.515100002E+000 1.200150013E+001 3.871599913E+000 
1.796499610E+000 1.200150013E+001 3.872100115E+000 
1.077900290E+000 1.200150013E+001 3.864200115E+000 
3.592990935E-001 1.200150013E+001 3.864200115E+000 
1.616850090E+001 1.314449978E+001 4.206799984E+000 
1.544989967E+001 1.314449978E+001 4.021599770E+000 
1.473130035E+001 1.314449978E+001 3.752599955E+000 
1.401270008E+001 1.314449978E+001 3.752599955E+000 
1.329409981E+001 1.314449978E+001 3.425699949E+000 
1.257549953E+001 1.314449978E+001 3.210400105E+000 
1.185690022E+001 1.314449978E+001 3.210400105E+000 
1.113829994E+001 1.314449978E+001 3.082200050E+000 
1.041969967E+001 1.314449978E+001 3.020100117E+000 
9.701099396E+000 1.314449978E+001 3.019999981E+000 
8.982500076E+000 1.314449978E+001 3.215100050E+000 
8.263899803E+000 1.314449978E+001 3.328000069E+000 
7.545300007E+000 1.314449978E+001 3.466900110E+000 
6.826699734E+000 1.314449978E+001 3.641000032E+000 
6.108100414E+000 1.314449978E+001 3.806299925E+000 
5.389500141E+000 1.314449978E+001 3.806299925E+000 
4.670899868E+000 1.314449978E+001 3.882299900E+000 
3.952300549E+000 1.314449978E+001 3.882299900E+000 
3.233700275E+000 1.314449978E+001 3.831799984E+000 
2.515100002E+000 1.314449978E+001 3.831799984E+000 
1.796499610E+000 1.314449978E+001 3.831799984E+000 
1.077900290E+000 1.314449978E+001 3.861900091E+000 
3.592990935E-001 1.314449978E+001 3.862799883E+000 
1.616850090E+001 1.428750038E+001 4.128099918E+000 
1.544989967E+001 1.428750038E+001 4.021599770E+000 
1.473130035E+001 1.428750038E+001 3.761399984E+000 
1.401270008E+001 1.428750038E+001 3.761399984E+000 
1.329409981E+001 1.428750038E+001 3.460000038E+000 
1.257549953E+001 1.428750038E+001 3.244699955E+000 
1.185690022E+001 1.428750038E+001 3.140100002E+000 
1.113829994E+001 1.428750038E+001 3.076600075E+000 
1.041969967E+001 1.428750038E+001 3.062700033E+000 
9.701099396E+000 1.428750038E+001 3.019999981E+000 
8.982500076E+000 1.428750038E+001 3.078000069E+000 
8.263899803E+000 1.428750038E+001 3.337800026E+000 
7.545300007E+000 1.428750038E+001 3.461400032E+000 
6.826699734E+000 1.428750038E+001 3.568300009E+000 
6.108100414E+000 1.428750038E+001 3.752599955E+000 
5.389500141E+000 1.428750038E+001 3.854899883E+000 
4.670899868E+000 1.428750038E+001 3.854899883E+000 
3.952300549E+000 1.428750038E+001 3.872100115E+000 
3.233700275E+000 1.428750038E+001 3.872100115E+000 
2.515100002E+000 1.428750038E+001 3.846100092E+000 
1.796499610E+000 1.428750038E+001 3.854899883E+000 
1.077900290E+000 1.428750038E+001 3.855400085E+000 
3.592990935E-001 1.428750038E+001 3.855400085E+000 
1.616850090E+001 1.543050003E+001 3.960999966E+000 
1.544989967E+001 1.543050003E+001 3.960999966E+000 
1.473130035E+001 1.543050003E+001 3.960999966E+000 
1.401270008E+001 1.543050003E+001 3.761399984E+000 
1.329409981E+001 1.543050003E+001 3.518800020E+000 
1.257549953E+001 1.543050003E+001 3.266000032E+000 
1.185690022E+001 1.543050003E+001 3.266000032E+000 
1.113829994E+001 1.543050003E+001 3.063699961E+000 
1.041969967E+001 1.543050003E+001 3.048399925E+000 
9.701099396E+000 1.543050003E+001 3.019999981E+000 
8.982500076E+000 1.543050003E+001 3.063199997E+000 
8.263899803E+000 1.543050003E+001 3.194200039E+000 
7.545300007E+000 1.543050003E+001 3.404000044E+000 
6.826699734E+000 1.543050003E+001 3.469300032E+000 
6.108100414E+000 1.543050003E+001 3.705399990E+000 
5.389500141E+000 1.543050003E+001 3.839699984E+000 
4.670899868E+000 1.543050003E+001 3.839699984E+000 
3.952300549E+000 1.543050003E+001 3.839699984E+000 
3.233700275E+000 1.543050003E+001 3.872499943E+000 
2.515100002E+000 1.543050003E+001 3.846100092E+000 
1.796499610E+000 1.543050003E+001 3.846100092E+000 
1.077900290E+000 1.543050003E+001 3.851200104E+000 
3.592990935E-001 1.543050003E+001 3.851200104E+000 
1.616850090E+001 1.657349968E+001 4.111899853E+000 
1.544989967E+001 1.657349968E+001 3.995699883E+000 
1.473130035E+001 1.657349968E+001 3.770699978E+000 
1.401270008E+001 1.657349968E+001 3.770699978E+000 
1.329409981E+001 1.657349968E+001 3.518800020E+000 
1.257549953E+001 1.657349968E+001 3.264600039E+000 
1.185690022E+001 1.657349968E+001 3.264600039E+000 
1.113829994E+001 1.657349968E+001 3.059999943E+000 
1.041969967E+001 1.657349968E+001 3.025700092E+000 
9.701099396E+000 1.657349968E+001 3.022599936E+000 
8.982500076E+000 1.657349968E+001 3.032599926E+000 
8.263899803E+000 1.657349968E+001 3.136800051E+000 
7.545300007E+000 1.657349968E+001 3.265500069E+000 
6.826699734E+000 1.657349968E+001 3.437299967E+000 
6.108100414E+000 1.657349968E+001 3.705399990E+000 
5.389500141E+000 1.657349968E+001 3.705399990E+000 
4.670899868E+000 1.657349968E+001 3.818799973E+000 
3.952300549E+000 1.657349968E+001 3.872499943E+000 
3.233700275E+000 1.657349968E+001 3.872499943E+000 
2.515100002E+000 1.657349968E+001 3.844799995E+000 
1.796499610E+000 1.657349968E+001 3.844799995E+000 
1.077900290E+000 1.657349968E+001 3.835500002E+000 
3.592990935E-001 1.657349968E+001 3.833199978E+000 
1.616850090E+001 1.771649933E+001 4.028999805E+000 
1.544989967E+001 1.771649933E+001 4.028999805E+000 
1.473130035E+001 1.771649933E+001 3.782200098E+000 
1.401270008E+001 1.771649933E+001 3.782200098E+000 
1.329409981E+001 1.771649933E+001 3.505800009E+000 
1.257549953E+001 1.771649933E+001 3.230400085E+000 
1.185690022E+001 1.771649933E+001 3.230400085E+000 
1.113829994E+001 1.771649933E+001 3.099299908E+000 
1.041969967E+001 1.771649933E+001 3.046999931E+000 
9.701099396E+000 1.771649933E+001 3.020200014E+000 
8.982500076E+000 1.771649933E+001 3.019999981E+000 
8.263899803E+000 1.771649933E+001 3.165999889E+000 
7.545300007E+000 1.771649933E+001 3.296999931E+000 
6.826699734E+000 1.771649933E+001 3.413700104E+000 
6.108100414E+000 1.771649933E+001 3.650300026E+000 
5.389500141E+000 1.771649933E+001 3.650300026E+000 
4.670899868E+000 1.771649933E+001 3.818799973E+000 
3.952300549E+000 1.771649933E+001 3.818799973E+000 
3.233700275E+000 1.771649933E+001 3.844799995E+000 
2.515100002E+000 1.771649933E+001 3.844799995E+000 
1.796499610E+000 1.771649933E+001 3.844799995E+000 
1.077900290E+000 1.771649933E+001 3.827600002E+000 
3.592990935E-001 1.771649933E+001 3.826699972E+000 
1.616850090E+001 1.885950089E+001 4.166100025E+000 
1.544989967E+001 1.885950089E+001 3.997100115E+000 
1.473130035E+001 1.885950089E+001 3.787300110E+000 
1.401270008E+001 1.885950089E+001 3.787300110E+000 
1.329409981E+001 1.885950089E+001 3.506299973E+000 
1.257549953E+001 1.885950089E+001 3.506299973E+000 
1.185690022E+001 1.885950089E+001 3.229000092E+000 
1.113829994E+001 1.885950089E+001 3.101599932E+000 
1.041969967E+001 1.885950089E+001 3.046099901E+000 
9.701099396E+000 1.885950089E+001 3.030800104E+000 
8.982500076E+000 1.885950089E+001 3.019999981E+000 
8.263899803E+000 1.885950089E+001 3.076200008E+000 
7.545300007E+000 1.885950089E+001 3.241499901E+000 
6.826699734E+000 1.885950089E+001 3.382200003E+000 
6.108100414E+000 1.885950089E+001 3.566499949E+000 
5.389500141E+000 1.885950089E+001 3.566499949E+000 
4.670899868E+000 1.885950089E+001 3.743799925E+000 
3.952300549E+000 1.885950089E+001 3.743799925E+000 
3.233700275E+000 1.885950089E+001 3.807699919E+000 
2.515100002E+000 1.885950089E+001 3.769700050E+000 
1.796499610E+000 1.885950089E+001 3.769700050E+000 
1.077900290E+000 1.885950089E+001 3.769700050E+000 
3.592990935E-001 1.885950089E+001 3.793800116E+000 
1.616850090E+001 2.000250053E+001 4.103099823E+000 
1.544989967E+001 2.000250053E+001 3.997100115E+000 
1.473130035E+001 2.000250053E+001 3.997100115E+000 
1.401270008E+001 2.000250053E+001 3.784100056E+000 
1.329409981E+001 2.000250053E+001 3.531800032E+000 
1.257549953E+001 2.000250053E+001 3.531800032E+000 
1.185690022E+001 2.000250053E+001 3.248399973E+000 
1.113829994E+001 2.000250053E+001 3.101200104E+000 
1.041969967E+001 2.000250053E+001 3.046999931E+000 
9.701099396E+000 2.000250053E+001 3.029400110E+000 
8.982500076E+000 2.000250053E+001 3.020100117E+000 
8.263899803E+000 2.000250053E+001 3.067399979E+000 
7.545300007E+000 2.000250053E+001 3.150300026E+000 
6.826699734E+000 2.000250053E+001 3.352099895E+000 
6.108100414E+000 2.000250053E+001 3.328999996E+000 
5.389500141E+000 2.000250053E+001 3.478100061E+000 
4.670899868E+000 2.000250053E+001 3.693399906E+000 
3.952300549E+000 2.000250053E+001 3.693399906E+000 
3.233700275E+000 2.000250053E+001 3.781800032E+000 
2.515100002E+000 2.000250053E+001 3.781800032E+000 
1.796499610E+000 2.000250053E+001 3.769700050E+000 
1.077900290E+000 2.000250053E+001 3.768800020E+000 
3.592990935E-001 2.000250053E+001 3.772099972E+000 
1.616850090E+001 2.114550018E+001 4.103099823E+000 
1.544989967E+001 2.114550018E+001 3.966500044E+000 
1.473130035E+001 2.114550018E+001 3.966500044E+000 
1.401270008E+001 2.114550018E+001 3.784100056E+000 
1.329409981E+001 2.114550018E+001 3.531800032E+000 
1.257549953E+001 2.114550018E+001 3.253499985E+000 
1.185690022E+001 2.114550018E+001 3.253499985E+000 
1.113829994E+001 2.114550018E+001 3.098900080E+000 
1.041969967E+001 2.114550018E+001 3.098900080E+000 
9.701099396E+000 2.114550018E+001 3.039099932E+000 
8.982500076E+000 2.114550018E+001 3.020800114E+000 
8.263899803E+000 2.114550018E+001 3.019999981E+000 
7.545300007E+000 2.114550018E+001 3.149300098E+000 
6.826699734E+000 2.114550018E+001 3.312799931E+000 
6.108100414E+000 2.114550018E+001 3.312799931E+000 
5.389500141E+000 2.114550018E+001 3.478100061E+000 
4.670899868E+000 2.114550018E+001 3.681299925E+000 
3.952300549E+000 2.114550018E+001 3.759599924E+000 
3.233700275E+000 2.114550018E+001 3.759599924E+000 
2.515100002E+000 2.114550018E+001 3.782200098E+000 
1.796499610E+000 2.114550018E+001 3.742000103E+000 
1.077900290E+000 2.114550018E+001 3.742000103E+000 
3.592990935E-001 2.114550018E+001 3.773499966E+000 
1.616850090E+001 2.228849983E+001 4.162399769E+000 
1.544989967E+001 2.228849983E+001 4.024899960E+000 
1.473130035E+001 2.228849983E+001 3.792399883E+000 
1.401270008E+001 2.228849983E+001 3.792399883E+000 
1.329409981E+001 2.228849983E+001 3.537300110E+000 
1.257549953E+001 2.228849983E+001 3.537300110E+000 
1.185690022E+001 2.228849983E+001 3.257699966E+000 
1.113829994E+001 2.228849983E+001 3.124300003E+000 
1.041969967E+001 2.228849983E+001 3.056699991E+000 
9.701099396E+000 2.228849983E+001 3.024800062E+000 
8.982500076E+000 2.228849983E+001 3.020800114E+000 
8.263899803E+000 2.228849983E+001 3.019999981E+000 
7.545300007E+000 2.228849983E+001 3.096999884E+000 
6.826699734E+000 2.228849983E+001 3.301700115E+000 
6.108100414E+000 2.228849983E+001 3.301700115E+000 
5.389500141E+000 2.228849983E+001 3.509500027E+000 
4.670899868E+000 2.228849983E+001 3.681299925E+000 
3.952300549E+000 2.228849983E+001 3.771600008E+000 
3.233700275E+000 2.228849983E+001 3.771600008E+000 
2.515100002E+000 2.228849983E+001 3.782200098E+000 
1.796499610E+000 2.228849983E+001 3.782200098E+000 
1.077900290E+000 2.228849983E+001 3.781800032E+000 
3.592990935E-001 2.228849983E+001 3.794300079E+000 
1.616850090E+001 2.343149948E+001 4.026700020E+000 
1.544989967E+001 2.343149948E+001 4.026700020E+000 
1.473130035E+001 2.343149948E+001 3.817899942E+000 
1.401270008E+001 2.343149948E+001 3.817899942E+000 
1.329409981E+001 2.343149948E+001 3.552099943E+000 
1.257549953E+001 2.343149948E+001 3.552099943E+000 
1.185690022E+001 2.343149948E+001 3.279400110E+000 
1.113829994E+001 2.343149948E+001 3.124300003E+000 
1.041969967E+001 2.343149948E+001 3.062299967E+000 
9.701099396E+000 2.343149948E+001 3.027600050E+000 
8.982500076E+000 2.343149948E+001 3.019999981E+000 
8.263899803E+000 2.343149948E+001 3.019999981E+000 
7.545300007E+000 2.343149948E+001 3.089099884E+000 
6.826699734E+000 2.343149948E+001 3.183099985E+000 
6.108100414E+000 2.343149948E+001 3.410500050E+000 
5.389500141E+000 2.343149948E+001 3.410500050E+000 
4.670899868E+000 2.343149948E+001 3.622999907E+000 
3.952300549E+000 2.343149948E+001 3.771600008E+000 
3.233700275E+000 2.343149948E+001 3.771600008E+000 
2.515100002E+000 2.343149948E+001 3.831300020E+000 
1.796499610E+000 2.343149948E+001 3.831300020E+000 
1.077900290E+000 2.343149948E+001 3.781800032E+000 
3.592990935E-001 2.343149948E+001 3.781800032E+000 
1.616850090E+001 2.457449913E+001 4.128099918E+000 
1.544989967E+001 2.457449913E+001 4.026700020E+000 
1.473130035E+001 2.457449913E+001 3.811399937E+000 
1.401270008E+001 2.457449913E+001 3.811399937E+000 
1.329409981E+001 2.457449913E+001 3.576200008E+000 
1.257549953E+001 2.457449913E+001 3.576200008E+000 
1.185690022E+001 2.457449913E+001 3.315099955E+000 
1.113829994E+001 2.457449913E+001 3.153000116E+000 
1.041969967E+001 2.457449913E+001 3.075700045E+000 
9.701099396E+000 2.457449913E+001 3.039099932E+000 
8.982500076E+000 2.457449913E+001 3.022500038E+000 
8.263899803E+000 2.457449913E+001 3.019999981E+000 
7.545300007E+000 2.457449913E+001 3.078500032E+000 
6.826699734E+000 2.457449913E+001 3.144200087E+000 
6.108100414E+000 2.457449913E+001 3.215100050E+000 
5.389500141E+000 2.457449913E+001 3.558599949E+000 
4.670899868E+000 2.457449913E+001 3.558599949E+000 
3.952300549E+000 2.457449913E+001 3.728499889E+000 
3.233700275E+000 2.457449913E+001 3.728499889E+000 
2.515100002E+000 2.457449913E+001 3.838299990E+000 
1.796499610E+000 2.457449913E+001 3.838299990E+000 
1.077900290E+000 2.457449913E+001 3.840600014E+000 
3.592990935E-001 2.457449913E+001 3.840600014E+000 
1.616850090E+001 2.571750069E+001 4.005899906E+000 
1.544989967E+001 2.571750069E+001 4.005899906E+000 
1.473130035E+001 2.571750069E+001 3.811399937E+000 
1.401270008E+001 2.571750069E+001 3.811399937E+000 
1.329409981E+001 2.571750069E+001 3.576200008E+000 
1.257549953E+001 2.571750069E+001 3.323400021E+000 
1.185690022E+001 2.571750069E+001 3.323400021E+000 
1.113829994E+001 2.571750069E+001 3.168800116E+000 
1.041969967E+001 2.571750069E+001 3.078500032E+000 
9.701099396E+000 2.571750069E+001 3.078500032E+000 
8.982500076E+000 2.571750069E+001 3.024800062E+000 
8.263899803E+000 2.571750069E+001 3.019999981E+000 
7.545300007E+000 2.571750069E+001 3.046999931E+000 
6.826699734E+000 2.571750069E+001 3.118299961E+000 
6.108100414E+000 2.571750069E+001 3.196599960E+000 
5.389500141E+000 2.571750069E+001 3.335500002E+000 
4.670899868E+000 2.571750069E+001 3.529900074E+000 
3.952300549E+000 2.571750069E+001 3.697999954E+000 
3.233700275E+000 2.571750069E+001 3.795700073E+000 
2.515100002E+000 2.571750069E+001 3.795700073E+000 
1.796499610E+000 2.571750069E+001 3.831799984E+000 
1.077900290E+000 2.571750069E+001 3.831799984E+000 
3.592990935E-001 2.571750069E+001 3.840600014E+000 
1.616850090E+001 2.686050034E+001 4.132699966E+000 
1.544989967E+001 2.686050034E+001 3.988699913E+000 
1.473130035E+001 2.686050034E+001 3.988699913E+000 
1.401270008E+001 2.686050034E+001 3.798000097E+000 
1.329409981E+001 2.686050034E+001 3.572499990E+000 
1.257549953E+001 2.686050034E+001 3.572499990E+000 
1.185690022E+001 2.686050034E+001 3.323400021E+000 
1.113829994E+001 2.686050034E+001 3.160000086E+000 
1.041969967E+001 2.686050034E+001 3.160000086E+000 
9.701099396E+000 2.686050034E+001 3.079900026E+000 
8.982500076E+000 2.686050034E+001 3.034499884E+000 
8.263899803E+000 2.686050034E+001 3.020400047E+000 
7.545300007E+000 2.686050034E+001 3.019999981E+000 
6.826699734E+000 2.686050034E+001 3.123899937E+000 
6.108100414E+000 2.686050034E+001 3.184999943E+000 
5.389500141E+000 2.686050034E+001 3.292399883E+000 
4.670899868E+000 2.686050034E+001 3.512300014E+000 
3.952300549E+000 2.686050034E+001 3.697999954E+000 
3.233700275E+000 2.686050034E+001 3.756299973E+000 
2.515100002E+000 2.686050034E+001 3.756299973E+000 
1.796499610E+000 2.686050034E+001 3.792000055E+000 
1.077900290E+000 2.686050034E+001 3.746099949E+000 
3.592990935E-001 2.686050034E+001 3.746099949E+000 
1.616850090E+001 2.800349998E+001 4.141099930E+000 
1.544989967E+001 2.800349998E+001 4.040100098E+000 
1.473130035E+001 2.800349998E+001 3.817899942E+000 
1.401270008E+001 2.800349998E+001 3.817899942E+000 
1.329409981E+001 2.800349998E+001 3.579900026E+000 
1.257549953E+001 2.800349998E+001 3.579900026E+000 
1.185690022E+001 2.800349998E+001 3.339600086E+000 
1.113829994E+001 2.800349998E+001 3.149300098E+000 
1.041969967E+001 2.800349998E+001 3.149300098E+000 
9.701099396E+000 2.800349998E+001 3.082700014E+000 
8.982500076E+000 2.800349998E+001 3.039099932E+000 
8.263899803E+000 2.800349998E+001 3.020499945E+000 
7.545300007E+000 2.800349998E+001 3.019999981E+000 
6.826699734E+000 2.800349998E+001 3.044199944E+000 
6.108100414E+000 2.800349998E+001 3.182199955E+000 
5.389500141E+000 2.800349998E+001 3.311399937E+000 
4.670899868E+000 2.800349998E+001 3.425699949E+000 
3.952300549E+000 2.800349998E+001 3.648000002E+000 
3.233700275E+000 2.800349998E+001 3.648000002E+000 
2.515100002E+000 2.800349998E+001 3.756299973E+000 
1.796499610E+000 2.800349998E+001 3.742899895E+000 
1.077900290E+000 2.800349998E+001 3.742899895E+000 
3.592990935E-001 2.800349998E+001 3.668299913E+000 
1.616850090E+001 2.914649963E+001 4.141099930E+000 
1.544989967E+001 2.914649963E+001 4.040100098E+000 
1.473130035E+001 2.914649963E+001 3.875299931E+000 
1.401270008E+001 2.914649963E+001 3.875299931E+000 
1.329409981E+001 2.914649963E+001 3.655400038E+000 
1.257549953E+001 2.914649963E+001 3.655400038E+000 
1.185690022E+001 2.914649963E+001 3.403000116E+000 
1.113829994E+001 2.914649963E+001 3.200700045E+000 
1.041969967E+001 2.914649963E+001 3.200700045E+000 
9.701099396E+000 2.914649963E+001 3.098400116E+000 
8.982500076E+000 2.914649963E+001 3.052099943E+000 
8.263899803E+000 2.914649963E+001 3.028300047E+000 
7.545300007E+000 2.914649963E+001 3.019999981E+000 
6.826699734E+000 2.914649963E+001 3.061399937E+000 
6.108100414E+000 2.914649963E+001 3.161799908E+000 
5.389500141E+000 2.914649963E+001 3.234499931E+000 
4.670899868E+000 2.914649963E+001 3.392899990E+000 
3.952300549E+000 2.914649963E+001 3.603100061E+000 
3.233700275E+000 2.914649963E+001 3.603100061E+000 
2.515100002E+000 2.914649963E+001 3.727600098E+000 
1.796499610E+000 2.914649963E+001 3.727600098E+000 
1.077900290E+000 2.914649963E+001 3.668299913E+000 
3.592990935E-001 2.914649963E+001 3.668299913E+000 
1.616850090E+001 3.028949928E+001 4.095200062E+000 
1.544989967E+001 3.028949928E+001 4.030399799E+000 
1.473130035E+001 3.028949928E+001 3.875299931E+000 
1.401270008E+001 3.028949928E+001 3.875299931E+000 
1.329409981E+001 3.028949928E+001 3.655400038E+000 
1.257549953E+001 3.028949928E+001 3.655400038E+000 
1.185690022E+001 3.028949928E+001 3.521600008E+000 
1.113829994E+001 3.028949928E+001 3.269200087E+000 
1.041969967E+001 3.028949928E+001 3.212800026E+000 
9.701099396E+000 3.028949928E+001 3.130800009E+000 
8.982500076E+000 3.028949928E+001 3.058599949E+000 
8.263899803E+000 3.028949928E+001 3.022500038E+000 
7.545300007E+000 3.028949928E+001 3.019999981E+000 
6.826699734E+000 3.028949928E+001 3.047499895E+000 
6.108100414E+000 3.028949928E+001 3.135400057E+000 
5.389500141E+000 3.028949928E+001 3.249799967E+000 
4.670899868E+000 3.028949928E+001 3.392899990E+000 
3.952300549E+000 3.028949928E+001 3.636899948E+000 
3.233700275E+000 3.028949928E+001 3.724400043E+000 
2.515100002E+000 3.028949928E+001 3.724400043E+000 
1.796499610E+000 3.028949928E+001 3.734999895E+000 
1.077900290E+000 3.028949928E+001 3.710900068E+000 
3.592990935E-001 3.028949928E+001 3.683599949E+000 
1.616850090E+001 3.143250084E+001 4.066100121E+000 
1.544989967E+001 3.143250084E+001 4.066100121E+000 
1.473130035E+001 3.143250084E+001 3.934099913E+000 
1.401270008E+001 3.143250084E+001 3.934099913E+000 
1.329409981E+001 3.143250084E+001 3.750799894E+000 
1.257549953E+001 3.143250084E+001 3.750799894E+000 
1.185690022E+001 3.143250084E+001 3.521600008E+000 
1.113829994E+001 3.143250084E+001 3.286400080E+000 
1.041969967E+001 3.143250084E+001 3.149300098E+000 
9.701099396E+000 3.143250084E+001 3.149300098E+000 
8.982500076E+000 3.143250084E+001 3.086800098E+000 
8.263899803E+000 3.143250084E+001 3.029900074E+000 
7.545300007E+000 3.143250084E+001 3.020200014E+000 
6.826699734E+000 3.143250084E+001 3.019999981E+000 
6.108100414E+000 3.143250084E+001 3.132699966E+000 
5.389500141E+000 3.143250084E+001 3.250299931E+000 
4.670899868E+000 3.143250084E+001 3.429899931E+000 
3.952300549E+000 3.143250084E+001 3.636899948E+000 
3.233700275E+000 3.143250084E+001 3.636899948E+000 
2.515100002E+000 3.143250084E+001 3.730400085E+000 
1.796499610E+000 3.143250084E+001 3.732199907E+000 
1.077900290E+000 3.143250084E+001 3.732199907E+000 
3.592990935E-001 3.143250084E+001 3.683599949E+000 
1.616850090E+001 3.257550049E+001 4.133200169E+000 
1.544989967E+001 3.257550049E+001 4.097099781E+000 
1.473130035E+001 3.257550049E+001 3.982700109E+000 
1.401270008E+001 3.257550049E+001 3.982700109E+000 
1.329409981E+001 3.257550049E+001 3.835999966E+000 
1.257549953E+001 3.257550049E+001 3.835999966E+000 
1.185690022E+001 3.257550049E+001 3.615600109E+000 
1.113829994E+001 3.257550049E+001 3.286400080E+000 
1.041969967E+001 3.257550049E+001 3.286400080E+000 
9.701099396E+000 3.257550049E+001 3.148400068E+000 
8.982500076E+000 3.257550049E+001 3.082200050E+000 
8.263899803E+000 3.257550049E+001 3.022000074E+000 
7.545300007E+000 3.257550049E+001 3.019999981E+000 
6.826699734E+000 3.257550049E+001 3.019999981E+000 
6.108100414E+000 3.257550049E+001 3.048899889E+000 
5.389500141E+000 3.257550049E+001 3.254899979E+000 
4.670899868E+000 3.257550049E+001 3.435899973E+000 
3.952300549E+000 3.257550049E+001 3.615999937E+000 
3.233700275E+000 3.257550049E+001 3.615999937E+000 
2.515100002E+000 3.257550049E+001 3.730400085E+000 
1.796499610E+000 3.257550049E+001 3.730400085E+000 
1.077900290E+000 3.257550049E+001 3.732199907E+000 
3.592990935E-001 3.257550049E+001 3.716000080E+000 
1.616850090E+001 3.371849823E+001 4.123899937E+000 
1.544989967E+001 3.371849823E+001 4.097099781E+000 
1.473130035E+001 3.371849823E+001 4.097099781E+000 
1.401270008E+001 3.371849823E+001 4.011899948E+000 
1.329409981E+001 3.371849823E+001 3.862299919E+000 
1.257549953E+001 3.371849823E+001 3.862299919E+000 
1.185690022E+001 3.371849823E+001 3.668299913E+000 
1.113829994E+001 3.371849823E+001 3.408099890E+000 
1.041969967E+001 3.371849823E+001 3.408099890E+000 
9.701099396E+000 3.371849823E+001 3.222500086E+000 
8.982500076E+000 3.371849823E+001 3.095200062E+000 
8.263899803E+000 3.371849823E+001 3.029900074E+000 
7.545300007E+000 3.371849823E+001 3.023900032E+000 
6.826699734E+000 3.371849823E+001 3.019999981E+000 
6.108100414E+000 3.371849823E+001 3.048899889E+000 
5.389500141E+000 3.371849823E+001 3.132200003E+000 
4.670899868E+000 3.371849823E+001 3.367399931E+000 
3.952300549E+000 3.371849823E+001 3.549799919E+000 
3.233700275E+000 3.371849823E+001 3.549799919E+000 
2.515100002E+000 3.371849823E+001 3.692899942E+000 
1.796499610E+000 3.371849823E+001 3.748399973E+000 
1.077900290E+000 3.371849823E+001 3.748399973E+000 
3.592990935E-001 3.371849823E+001 3.716000080E+000 
1.616850090E+001 3.486149979E+001 4.123899937E+000 
1.544989967E+001 3.486149979E+001 4.113800049E+000 
1.473130035E+001 3.486149979E+001 4.011899948E+000 
1.401270008E+001 3.486149979E+001 4.011899948E+000 
1.329409981E+001 3.486149979E+001 3.862299919E+000 
1.257549953E+001 3.486149979E+001 3.862299919E+000 
1.185690022E+001 3.486149979E+001 3.724800110E+000 
1.113829994E+001 3.486149979E+001 3.469300032E+000 
1.041969967E+001 3.486149979E+001 3.469300032E+000 
9.701099396E+000 3.486149979E+001 3.246999979E+000 
8.982500076E+000 3.486149979E+001 3.108999968E+000 
8.263899803E+000 3.486149979E+001 3.040999889E+000 
7.545300007E+000 3.486149979E+001 3.023499966E+000 
6.826699734E+000 3.486149979E+001 3.019999981E+000 
6.108100414E+000 3.486149979E+001 3.028000116E+000 
5.389500141E+000 3.486149979E+001 3.095599890E+000 
4.670899868E+000 3.486149979E+001 3.336400032E+000 
3.952300549E+000 3.486149979E+001 3.336400032E+000 
3.233700275E+000 3.486149979E+001 3.545700073E+000 
2.515100002E+000 3.486149979E+001 3.684600115E+000 
1.796499610E+000 3.486149979E+001 3.747999907E+000 
1.077900290E+000 3.486149979E+001 3.747999907E+000 
3.592990935E-001 3.486149979E+001 3.717400074E+000 
1.616850090E+001 3.600450134E+001 4.105899811E+000 
1.544989967E+001 3.600450134E+001 4.098000050E+000 
1.473130035E+001 3.600450134E+001 4.029500008E+000 
1.401270008E+001 3.600450134E+001 4.029500008E+000 
1.329409981E+001 3.600450134E+001 3.904500008E+000 
1.257549953E+001 3.600450134E+001 3.904500008E+000 
1.185690022E+001 3.600450134E+001 3.724800110E+000 
1.113829994E+001 3.600450134E+001 3.539200068E+000 
1.041969967E+001 3.600450134E+001 3.539200068E+000 
9.701099396E+000 3.600450134E+001 3.253000021E+000 
8.982500076E+000 3.600450134E+001 3.089600086E+000 
8.263899803E+000 3.600450134E+001 3.089600086E+000 
7.545300007E+000 3.600450134E+001 3.024899960E+000 
6.826699734E+000 3.600450134E+001 3.020299911E+000 
6.108100414E+000 3.600450134E+001 3.019999981E+000 
5.389500141E+000 3.600450134E+001 3.107700109E+000 
4.670899868E+000 3.600450134E+001 3.197499990E+000 
3.952300549E+000 3.600450134E+001 3.382699966E+000 
3.233700275E+000 3.600450134E+001 3.545700073E+000 
2.515100002E+000 3.600450134E+001 3.723900080E+000 
1.796499610E+000 3.600450134E+001 3.729500055E+000 
1.077900290E+000 3.600450134E+001 3.729500055E+000 
3.592990935E-001 3.600450134E+001 3.687299967E+000 
1.616850090E+001 3.714749908E+001 4.105899811E+000 
1.544989967E+001 3.714749908E+001 4.117499828E+000 
1.473130035E+001 3.714749908E+001 4.031799793E+000 
1.401270008E+001 3.714749908E+001 4.031799793E+000 
1.329409981E+001 3.714749908E+001 3.911400080E+000 
1.257549953E+001 3.714749908E+001 3.911400080E+000 
1.185690022E+001 3.714749908E+001 3.785500050E+000 
1.113829994E+001 3.714749908E+001 3.785500050E+000 
1.041969967E+001 3.714749908E+001 3.539200068E+000 
9.701099396E+000 3.714749908E+001 3.266499996E+000 
8.982500076E+000 3.714749908E+001 3.092400074E+000 
8.263899803E+000 3.714749908E+001 3.092400074E+000 
7.545300007E+000 3.714749908E+001 3.038199902E+000 
6.826699734E+000 3.714749908E+001 3.019999981E+000 
6.108100414E+000 3.714749908E+001 3.019999981E+000 
5.389500141E+000 3.714749908E+001 3.146100044E+000 
4.670899868E+000 3.714749908E+001 3.245599985E+000 
3.952300549E+000 3.714749908E+001 3.413199902E+000 
3.233700275E+000 3.714749908E+001 3.594300032E+000 
2.515100002E+000 3.714749908E+001 3.723900080E+000 
1.796499610E+000 3.714749908E+001 3.715600014E+000 
1.077900290E+000 3.714749908E+001 3.715600014E+000 
3.592990935E-001 3.714749908E+001 3.687299967E+000 
1.616850090E+001 3.829050064E+001 4.155900002E+000 
1.544989967E+001 3.829050064E+001 4.117499828E+000 
1.473130035E+001 3.829050064E+001 4.117499828E+000 
1.401270008E+001 3.829050064E+001 4.010499954E+000 
1.329409981E+001 3.829050064E+001 3.897500038E+000 
1.257549953E+001 3.829050064E+001 3.897500038E+000 
1.185690022E+001 3.829050064E+001 3.742000103E+000 
1.113829994E+001 3.829050064E+001 3.514199972E+000 
1.041969967E+001 3.829050064E+001 3.514199972E+000 
9.701099396E+000 3.829050064E+001 3.266499996E+000 
8.982500076E+000 3.829050064E+001 3.153500080E+000 
8.263899803E+000 3.829050064E+001 3.076200008E+000 
7.545300007E+000 3.829050064E+001 3.028899908E+000 
6.826699734E+000 3.829050064E+001 3.019999981E+000 
6.108100414E+000 3.829050064E+001 3.019999981E+000 
5.389500141E+000 3.829050064E+001 3.163199902E+000 
4.670899868E+000 3.829050064E+001 3.256299973E+000 
3.952300549E+000 3.829050064E+001 3.400700092E+000 
3.233700275E+000 3.829050064E+001 3.576699972E+000 
2.515100002E+000 3.829050064E+001 3.693799973E+000 
1.796499610E+000 3.829050064E+001 3.693799973E+000 
1.077900290E+000 3.829050064E+001 3.715600014E+000 
3.592990935E-001 3.829050064E+001 3.676700115E+000 
1.616850090E+001 3.943349838E+001 4.092000008E+000 
1.544989967E+001 3.943349838E+001 4.092000008E+000 
1.473130035E+001 3.943349838E+001 4.092000008E+000 
1.401270008E+001 3.943349838E+001 4.010499954E+000 
1.329409981E+001 3.943349838E+001 3.897099972E+000 
1.257549953E+001 3.943349838E+001 3.897099972E+000 
1.185690022E+001 3.943349838E+001 3.747999907E+000 
1.113829994E+001 3.943349838E+001 3.545700073E+000 
1.041969967E+001 3.943349838E+001 3.545700073E+000 
9.701099396E+000 3.943349838E+001 3.309999943E+000 
8.982500076E+000 3.943349838E+001 3.309999943E+000 
8.263899803E+000 3.943349838E+001 3.085400105E+000 
7.545300007E+000 3.943349838E+001 3.041899920E+000 
6.826699734E+000 3.943349838E+001 3.026299953E+000 
6.108100414E+000 3.943349838E+001 3.019999981E+000 
5.389500141E+000 3.943349838E+001 3.137799978E+000 
4.670899868E+000 3.943349838E+001 3.221600056E+000 
3.952300549E+000 3.943349838E+001 3.541500092E+000 
3.233700275E+000 3.943349838E+001 3.541500092E+000 
2.515100002E+000 3.943349838E+001 3.695199966E+000 
1.796499610E+000 3.943349838E+001 3.695199966E+000 
1.077900290E+000 3.943349838E+001 3.715600014E+000 
3.592990935E-001 3.943349838E+001 3.676700115E+000 
1.616850090E+001 4.057649994E+001 4.071199894E+000 
1.544989967E+001 4.057649994E+001 4.068799973E+000 
1.473130035E+001 4.057649994E+001 4.068799973E+000 
1.401270008E+001 4.057649994E+001 4.002600193E+000 
1.329409981E+001 4.057649994E+001 3.897099972E+000 
1.257549953E+001 4.057649994E+001 3.897099972E+000 
1.185690022E+001 4.057649994E+001 3.747999907E+000 
1.113829994E+001 4.057649994E+001 3.585900068E+000 
1.041969967E+001 4.057649994E+001 3.585900068E+000 
9.701099396E+000 4.057649994E+001 3.319700003E+000 
8.982500076E+000 4.057649994E+001 3.158600092E+000 
8.263899803E+000 4.057649994E+001 3.158600092E+000 
7.545300007E+000 4.057649994E+001 3.028000116E+000 
6.826699734E+000 4.057649994E+001 3.019999981E+000 
6.108100414E+000 4.057649994E+001 3.019999981E+000 
5.389500141E+000 4.057649994E+001 3.113199949E+000 
4.670899868E+000 4.057649994E+001 3.207200050E+000 
3.952300549E+000 4.057649994E+001 3.368299961E+000 
3.233700275E+000 4.057649994E+001 3.574399948E+000 
2.515100002E+000 4.057649994E+001 3.696099997E+000 
1.796499610E+000 4.057649994E+001 3.696099997E+000 
1.077900290E+000 4.057649994E+001 3.726200104E+000 
3.592990935E-001 4.057649994E+001 3.688699961E+000 
1.616850090E+001 4.171950150E+001 4.047100067E+000 
1.544989967E+001 4.171950150E+001 4.047100067E+000 
1.473130035E+001 4.171950150E+001 3.986000061E+000 
1.401270008E+001 4.171950150E+001 3.986000061E+000 
1.329409981E+001 4.171950150E+001 3.887799978E+000 
1.257549953E+001 4.171950150E+001 3.887799978E+000 
1.185690022E+001 4.171950150E+001 3.788700104E+000 
1.113829994E+001 4.171950150E+001 3.788700104E+000 
1.041969967E+001 4.171950150E+001 3.585900068E+000 
9.701099396E+000 4.171950150E+001 3.292900085E+000 
8.982500076E+000 4.171950150E+001 3.125200033E+000 
8.263899803E+000 4.171950150E+001 3.125200033E+000 
7.545300007E+000 4.171950150E+001 3.020100117E+000 
6.826699734E+000 4.171950150E+001 3.019999981E+000 
6.108100414E+000 4.171950150E+001 3.019999981E+000 
5.389500141E+000 4.171950150E+001 3.125699997E+000 
4.670899868E+000 4.171950150E+001 3.216500044E+000 
3.952300549E+000 4.171950150E+001 3.374799967E+000 
3.233700275E+000 4.171950150E+001 3.574399948E+000 
2.515100002E+000 4.171950150E+001 3.696099997E+000 
1.796499610E+000 4.171950150E+001 3.733599901E+000 
1.077900290E+000 4.171950150E+001 3.733599901E+000 
3.592990935E-001 4.171950150E+001 3.688699961E+000 
1.616850090E+001 4.286249924E+001 4.050799847E+000 
1.544989967E+001 4.286249924E+001 3.993400097E+000 
1.473130035E+001 4.286249924E+001 3.942399979E+000 
1.401270008E+001 4.286249924E+001 3.942399979E+000 
1.329409981E+001 4.286249924E+001 3.859100103E+000 
1.257549953E+001 4.286249924E+001 3.859100103E+000 
1.185690022E+001 4.286249924E+001 3.744699955E+000 
1.113829994E+001 4.286249924E+001 3.559499979E+000 
1.041969967E+001 4.286249924E+001 3.559499979E+000 
9.701099396E+000 4.286249924E+001 3.309999943E+000 
8.982500076E+000 4.286249924E+001 3.144700050E+000 
8.263899803E+000 4.286249924E+001 3.078900099E+000 
7.545300007E+000 4.286249924E+001 3.026200056E+000 
6.826699734E+000 4.286249924E+001 3.019999981E+000 
6.108100414E+000 4.286249924E+001 3.019999981E+000 
5.389500141E+000 4.286249924E+001 3.117399931E+000 
4.670899868E+000 4.286249924E+001 3.201200008E+000 
3.952300549E+000 4.286249924E+001 3.373399973E+000 
3.233700275E+000 4.286249924E+001 3.530400038E+000 
2.515100002E+000 4.286249924E+001 3.687799931E+000 
1.796499610E+000 4.286249924E+001 3.687799931E+000 
1.077900290E+000 4.286249924E+001 3.733599901E+000 
3.592990935E-001 4.286249924E+001 3.734100103E+000 
1.616850090E+001 4.400550079E+001 3.966500044E+000 
1.544989967E+001 4.400550079E+001 3.993400097E+000 
1.473130035E+001 4.400550079E+001 3.993400097E+000 
1.401270008E+001 4.400550079E+001 3.942399979E+000 
1.329409981E+001 4.400550079E+001 3.846100092E+000 
1.257549953E+001 4.400550079E+001 3.846100092E+000 
1.185690022E+001 4.400550079E+001 3.729899883E+000 
1.113829994E+001 4.400550079E+001 3.557699919E+000 
1.041969967E+001 4.400550079E+001 3.557699919E+000 
9.701099396E+000 4.400550079E+001 3.316499949E+000 
8.982500076E+000 4.400550079E+001 3.177099943E+000 
8.263899803E+000 4.400550079E+001 3.177099943E+000 
7.545300007E+000 4.400550079E+001 3.087699890E+000 
6.826699734E+000 4.400550079E+001 3.027600050E+000 
6.108100414E+000 4.400550079E+001 3.019999981E+000 
5.389500141E+000 4.400550079E+001 3.110899925E+000 
4.670899868E+000 4.400550079E+001 3.189599991E+000 
3.952300549E+000 4.400550079E+001 3.359499931E+000 
3.233700275E+000 4.400550079E+001 3.522500038E+000 
2.515100002E+000 4.400550079E+001 3.673899889E+000 
1.796499610E+000 4.400550079E+001 3.673899889E+000 
1.077900290E+000 4.400550079E+001 3.742399931E+000 
3.592990935E-001 4.400550079E+001 3.742399931E+000 
1.616850090E+001 4.514849854E+001 3.966500044E+000 
1.544989967E+001 4.514849854E+001 3.951699972E+000 
1.473130035E+001 4.514849854E+001 3.951699972E+000 
1.401270008E+001 4.514849854E+001 3.921600103E+000 
1.329409981E+001 4.514849854E+001 3.846100092E+000 
1.257549953E+001 4.514849854E+001 3.846100092E+000 
1.185690022E+001 4.514849854E+001 3.729899883E+000 
1.113829994E+001 4.514849854E+001 3.567399979E+000 
1.041969967E+001 4.514849854E+001 3.567399979E+000 
9.701099396E+000 4.514849854E+001 3.316499949E+000 
8.982500076E+000 4.514849854E+001 3.169199944E+000 
8.263899803E+000 4.514849854E+001 3.169199944E+000 
7.545300007E+000 4.514849854E+001 3.069700003E+000 
6.826699734E+000 4.514849854E+001 3.020699978E+000 
6.108100414E+000 4.514849854E+001 3.019999981E+000 
5.389500141E+000 4.514849854E+001 3.102099895E+000 
4.670899868E+000 4.514849854E+001 3.161799908E+000 
3.952300549E+000 4.514849854E+001 3.339200020E+000 
3.233700275E+000 4.514849854E+001 3.522500038E+000 
2.515100002E+000 4.514849854E+001 3.699399948E+000 
1.796499610E+000 4.514849854E+001 3.735899925E+000 
1.077900290E+000 4.514849854E+001 3.735899925E+000 
3.592990935E-001 4.514849854E+001 3.717000008E+000 
1.616850090E+001 4.629150009E+001 3.959599972E+000 
1.544989967E+001 4.629150009E+001 3.953599930E+000 
1.473130035E+001 4.629150009E+001 3.953599930E+000 
1.401270008E+001 4.629150009E+001 3.909100056E+000 
1.329409981E+001 4.629150009E+001 3.837300062E+000 
1.257549953E+001 4.629150009E+001 3.837300062E+000 
1.185690022E+001 4.629150009E+001 3.753499985E+000 
1.113829994E+001 4.629150009E+001 3.567399979E+000 
1.041969967E+001 4.629150009E+001 3.567399979E+000 
9.701099396E+000 4.629150009E+001 3.286799908E+000 
8.982500076E+000 4.629150009E+001 3.127599955E+000 
8.263899803E+000 4.629150009E+001 3.127599955E+000 
7.545300007E+000 4.629150009E+001 3.020600080E+000 
6.826699734E+000 4.629150009E+001 3.019999981E+000 
6.108100414E+000 4.629150009E+001 3.019999981E+000 
5.389500141E+000 4.629150009E+001 3.098900080E+000 
4.670899868E+000 4.629150009E+001 3.179399967E+000 
3.952300549E+000 4.629150009E+001 3.355400085E+000 
3.233700275E+000 4.629150009E+001 3.522500038E+000 
2.515100002E+000 4.629150009E+001 3.673000097E+000 
1.796499610E+000 4.629150009E+001 3.712300062E+000 
1.077900290E+000 4.629150009E+001 3.712300062E+000 
3.592990935E-001 4.629150009E+001 3.676700115E+000 
1.616850090E+001 4.743450165E+001 3.943799973E+000 
1.544989967E+001 4.743450165E+001 3.943799973E+000 
1.473130035E+001 4.743450165E+001 3.881799936E+000 
1.401270008E+001 4.743450165E+001 3.881799936E+000 
1.329409981E+001 4.743450165E+001 3.804899931E+000 
1.257549953E+001 4.743450165E+001 3.804899931E+000 
1.185690022E+001 4.743450165E+001 3.709599972E+000 
1.113829994E+001 4.743450165E+001 3.545700073E+000 
1.041969967E+001 4.743450165E+001 3.545700073E+000 
9.701099396E+000 4.743450165E+001 3.311399937E+000 
8.982500076E+000 4.743450165E+001 3.172499895E+000 
8.263899803E+000 4.743450165E+001 3.076600075E+000 
7.545300007E+000 4.743450165E+001 3.031699896E+000 
6.826699734E+000 4.743450165E+001 3.019999981E+000 
6.108100414E+000 4.743450165E+001 3.059000015E+000 
5.389500141E+000 4.743450165E+001 3.132200003E+000 
4.670899868E+000 4.743450165E+001 3.201200008E+000 
3.952300549E+000 4.743450165E+001 3.523000002E+000 
3.233700275E+000 4.743450165E+001 3.523000002E+000 
2.515100002E+000 4.743450165E+001 3.673000097E+000 
1.796499610E+000 4.743450165E+001 3.712300062E+000 
1.077900290E+000 4.743450165E+001 3.712300062E+000 
3.592990935E-001 4.743450165E+001 3.676700115E+000 
1.616850090E+001 4.857749939E+001 3.948899984E+000 
1.544989967E+001 4.857749939E+001 3.943799973E+000 
1.473130035E+001 4.857749939E+001 3.943799973E+000 
1.401270008E+001 4.857749939E+001 3.826699972E+000 
1.329409981E+001 4.857749939E+001 3.757200003E+000 
1.257549953E+001 4.857749939E+001 3.757200003E+000 
1.185690022E+001 4.857749939E+001 3.648000002E+000 
1.113829994E+001 4.857749939E+001 3.470200062E+000 
1.041969967E+001 4.857749939E+001 3.470200062E+000 
9.701099396E+000 4.857749939E+001 3.292900085E+000 
8.982500076E+000 4.857749939E+001 3.181699991E+000 
8.263899803E+000 4.857749939E+001 3.101599932E+000 
7.545300007E+000 4.857749939E+001 3.049299955E+000 
6.826699734E+000 4.857749939E+001 3.019999981E+000 
6.108100414E+000 4.857749939E+001 3.049299955E+000 
5.389500141E+000 4.857749939E+001 3.121500015E+000 
4.670899868E+000 4.857749939E+001 3.200299978E+000 
3.952300549E+000 4.857749939E+001 3.464600086E+000 
3.233700275E+000 4.857749939E+001 3.464600086E+000 
2.515100002E+000 4.857749939E+001 3.628999949E+000 
1.796499610E+000 4.857749939E+001 3.684999943E+000 
1.077900290E+000 4.857749939E+001 3.684999943E+000 
3.592990935E-001 4.857749939E+001 3.658200026E+000 
1.616850090E+001 4.972050095E+001 3.773000002E+000 
1.544989967E+001 4.972050095E+001 3.835000038E+000 
1.473130035E+001 4.972050095E+001 3.835000038E+000 
1.401270008E+001 4.972050095E+001 3.826699972E+000 
1.329409981E+001 4.972050095E+001 3.757200003E+000 
1.257549953E+001 4.972050095E+001 3.757200003E+000 
1.185690022E+001 4.972050095E+001 3.588700056E+000 
1.113829994E+001 4.972050095E+001 3.418299913E+000 
1.041969967E+001 4.972050095E+001 3.418299913E+000 
9.701099396E+000 4.972050095E+001 3.245199919E+000 
8.982500076E+000 4.972050095E+001 3.151200056E+000 
8.263899803E+000 4.972050095E+001 3.088200092E+000 
7.545300007E+000 4.972050095E+001 3.046099901E+000 
6.826699734E+000 4.972050095E+001 3.019999981E+000 
6.108100414E+000 4.972050095E+001 3.043299913E+000 
5.389500141E+000 4.972050095E+001 3.175299883E+000 
4.670899868E+000 4.972050095E+001 3.175299883E+000 
3.952300549E+000 4.972050095E+001 3.517400026E+000 
3.233700275E+000 4.972050095E+001 3.517400026E+000 
2.515100002E+000 4.972050095E+001 3.646600008E+000 
1.796499610E+000 4.972050095E+001 3.695199966E+000 
1.077900290E+000 4.972050095E+001 3.695199966E+000 
3.592990935E-001 4.972050095E+001 3.658200026E+000 
1.616850090E+001 5.086349869E+001 3.773000002E+000 
1.544989967E+001 5.086349869E+001 3.742399931E+000 
1.473130035E+001 5.086349869E+001 3.742399931E+000 
1.401270008E+001 5.086349869E+001 3.736399889E+000 
1.329409981E+001 5.086349869E+001 3.692399979E+000 
1.257549953E+001 5.086349869E+001 3.692399979E+000 
1.185690022E+001 5.086349869E+001 3.588700056E+000 
1.113829994E+001 5.086349869E+001 3.418299913E+000 
1.041969967E+001 5.086349869E+001 3.418299913E+000 
9.701099396E+000 5.086349869E+001 3.190999985E+000 
8.982500076E+000 5.086349869E+001 3.113699913E+000 
8.263899803E+000 5.086349869E+001 3.076600075E+000 
7.545300007E+000 5.086349869E+001 3.019999981E+000 
6.826699734E+000 5.086349869E+001 3.019999981E+000 
6.108100414E+000 5.086349869E+001 3.091500044E+000 
5.389500141E+000 5.086349869E+001 3.187299967E+000 
4.670899868E+000 5.086349869E+001 3.393800020E+000 
3.952300549E+000 5.086349869E+001 3.625299931E+000 
3.233700275E+000 5.086349869E+001 3.715100050E+000 
2.515100002E+000 5.086349869E+001 3.715100050E+000 
1.796499610E+000 5.086349869E+001 3.730400085E+000 
1.077900290E+000 5.086349869E+001 3.674799919E+000 
3.592990935E-001 5.086349869E+001 3.674799919E+000 
1.616850090E+001 5.200650024E+001 3.680399895E+000 
1.544989967E+001 5.200650024E+001 3.692399979E+000 
1.473130035E+001 5.200650024E+001 3.692399979E+000 
1.401270008E+001 5.200650024E+001 3.663700104E+000 
1.329409981E+001 5.200650024E+001 3.615600109E+000 
1.257549953E+001 5.200650024E+001 3.615600109E+000 
1.185690022E+001 5.200650024E+001 3.519299984E+000 
1.113829994E+001 5.200650024E+001 3.362299919E+000 
1.041969967E+001 5.200650024E+001 3.362299919E+000 
9.701099396E+000 5.200650024E+001 3.190999985E+000 
8.982500076E+000 5.200650024E+001 3.111399889E+000 
8.263899803E+000 5.200650024E+001 3.052099943E+000 
7.545300007E+000 5.200650024E+001 3.019999981E+000 
6.826699734E+000 5.200650024E+001 3.052999973E+000 
6.108100414E+000 5.200650024E+001 3.111399889E+000 
5.389500141E+000 5.200650024E+001 3.210000038E+000 
4.670899868E+000 5.200650024E+001 3.417900085E+000 
3.952300549E+000 5.200650024E+001 3.625299931E+000 
3.233700275E+000 5.200650024E+001 3.625299931E+000 
2.515100002E+000 5.200650024E+001 3.747499943E+000 
1.796499610E+000 5.200650024E+001 3.747499943E+000 
1.077900290E+000 5.200650024E+001 3.723900080E+000 
3.592990935E-001 5.200650024E+001 3.723900080E+000 
1.616850090E+001 5.314950180E+001 3.680399895E+000 
1.544989967E+001 5.314950180E+001 3.683599949E+000 
1.473130035E+001 5.314950180E+001 3.665600061E+000 
1.401270008E+001 5.314950180E+001 3.665600061E+000 
1.329409981E+001 5.314950180E+001 3.592400074E+000 
1.257549953E+001 5.314950180E+001 3.592400074E+000 
1.185690022E+001 5.314950180E+001 3.458100080E+000 
1.113829994E+001 5.314950180E+001 3.318300009E+000 
1.041969967E+001 5.314950180E+001 3.318300009E+000 
9.701099396E+000 5.314950180E+001 3.193799973E+000 
8.982500076E+000 5.314950180E+001 3.121099949E+000 
8.263899803E+000 5.314950180E+001 3.019999981E+000 
7.545300007E+000 5.314950180E+001 3.019999981E+000 
6.826699734E+000 5.314950180E+001 3.103499889E+000 
6.108100414E+000 5.314950180E+001 3.184099913E+000 
5.389500141E+000 5.314950180E+001 3.327600002E+000 
4.670899868E+000 5.314950180E+001 3.462800026E+000 
3.952300549E+000 5.314950180E+001 3.654000044E+000 
3.233700275E+000 5.314950180E+001 3.654000044E+000 
2.515100002E+000 5.314950180E+001 3.747499943E+000 
1.796499610E+000 5.314950180E+001 3.757200003E+000 
1.077900290E+000 5.314950180E+001 3.757200003E+000 
3.592990935E-001 5.314950180E+001 3.723900080E+000 
1.616850090E+001 5.429249954E+001 3.684099913E+000 
1.544989967E+001 5.429249954E+001 3.683599949E+000 
1.473130035E+001 5.429249954E+001 3.683599949E+000 
1.401270008E+001 5.429249954E+001 3.665600061E+000 
1.329409981E+001 5.429249954E+001 3.609499931E+000 
1.257549953E+001 5.429249954E+001 3.609499931E+000 
1.185690022E+001 5.429249954E+001 3.431799889E+000 
1.113829994E+001 5.429249954E+001 3.282200098E+000 
1.041969967E+001 5.429249954E+001 3.282200098E+000 
9.701099396E+000 5.429249954E+001 3.112299919E+000 
8.982500076E+000 5.429249954E+001 3.061800003E+000 
8.263899803E+000 5.429249954E+001 3.019999981E+000 
7.545300007E+000 5.429249954E+001 3.019999981E+000 
6.826699734E+000 5.429249954E+001 3.075700045E+000 
6.108100414E+000 5.429249954E+001 3.156300068E+000 
5.389500141E+000 5.429249954E+001 3.303499937E+000 
4.670899868E+000 5.429249954E+001 3.570199966E+000 
3.952300549E+000 5.429249954E+001 3.694299936E+000 
3.233700275E+000 5.429249954E+001 3.694299936E+000 
2.515100002E+000 5.429249954E+001 3.750799894E+000 
1.796499610E+000 5.429249954E+001 3.750799894E+000 
1.077900290E+000 5.429249954E+001 3.709100008E+000 
3.592990935E-001 5.429249954E+001 3.709100008E+000 
1.616850090E+001 5.543550110E+001 3.750799894E+000 
1.544989967E+001 5.543550110E+001 3.750799894E+000 
1.473130035E+001 5.543550110E+001 3.710500002E+000 
1.401270008E+001 5.543550110E+001 3.710500002E+000 
1.329409981E+001 5.543550110E+001 3.609499931E+000 
1.257549953E+001 5.543550110E+001 3.609499931E+000 
1.185690022E+001 5.543550110E+001 3.409100056E+000 
1.113829994E+001 5.543550110E+001 3.249300003E+000 
1.041969967E+001 5.543550110E+001 3.147000074E+000 
9.701099396E+000 5.543550110E+001 3.083600044E+000 
8.982500076E+000 5.543550110E+001 3.038199902E+000 
8.263899803E+000 5.543550110E+001 3.019999981E+000 
7.545300007E+000 5.543550110E+001 3.020699978E+000 
6.826699734E+000 5.543550110E+001 3.133599997E+000 
6.108100414E+000 5.543550110E+001 3.246999979E+000 
5.389500141E+000 5.543550110E+001 3.299799919E+000 
4.670899868E+000 5.543550110E+001 3.658600092E+000 
3.952300549E+000 5.543550110E+001 3.722100019E+000 
3.233700275E+000 5.543550110E+001 3.722100019E+000 
2.515100002E+000 5.543550110E+001 3.747100115E+000 
1.796499610E+000 5.543550110E+001 3.726700068E+000 
1.077900290E+000 5.543550110E+001 3.726700068E+000 
3.592990935E-001 5.543550110E+001 3.709100008E+000 
1.616850090E+001 5.657849884E+001 3.797100067E+000 
1.544989967E+001 5.657849884E+001 3.778500080E+000 
1.473130035E+001 5.657849884E+001 3.778500080E+000 
1.401270008E+001 5.657849884E+001 3.699800014E+000 
1.329409981E+001 5.657849884E+001 3.576699972E+000 
1.257549953E+001 5.657849884E+001 3.576699972E+000 
1.185690022E+001 5.657849884E+001 3.409100056E+000 
1.113829994E+001 5.657849884E+001 3.254899979E+000 
1.041969967E+001 5.657849884E+001 3.169199944E+000 
9.701099396E+000 5.657849884E+001 3.089099884E+000 
8.982500076E+000 5.657849884E+001 3.021600008E+000 
8.263899803E+000 5.657849884E+001 3.020800114E+000 
7.545300007E+000 5.657849884E+001 3.063699961E+000 
6.826699734E+000 5.657849884E+001 3.149300098E+000 
6.108100414E+000 5.657849884E+001 3.253999949E+000 
5.389500141E+000 5.657849884E+001 3.398900032E+000 
4.670899868E+000 5.657849884E+001 3.658600092E+000 
3.952300549E+000 5.657849884E+001 3.705899954E+000 
3.233700275E+000 5.657849884E+001 3.705899954E+000 
2.515100002E+000 5.657849884E+001 3.710000038E+000 
1.796499610E+000 5.657849884E+001 3.669300079E+000 
1.077900290E+000 5.657849884E+001 3.669300079E+000 
3.592990935E-001 5.657849884E+001 3.669300079E+000 
1.616850090E+001 5.772150040E+001 3.785500050E+000 
1.544989967E+001 5.772150040E+001 3.771100044E+000 
1.473130035E+001 5.772150040E+001 3.662300110E+000 
1.401270008E+001 5.772150040E+001 3.662300110E+000 
1.329409981E+001 5.772150040E+001 3.516499996E+000 
1.257549953E+001 5.772150040E+001 3.516499996E+000 
1.185690022E+001 5.772150040E+001 3.354899883E+000 
1.113829994E+001 5.772150040E+001 3.185899973E+000 
1.041969967E+001 5.772150040E+001 3.103499889E+000 
9.701099396E+000 5.772150040E+001 3.039099932E+000 
8.982500076E+000 5.772150040E+001 3.019999981E+000 
8.263899803E+000 5.772150040E+001 3.021300077E+000 
7.545300007E+000 5.772150040E+001 3.149300098E+000 
6.826699734E+000 5.772150040E+001 3.254400015E+000 
6.108100414E+000 5.772150040E+001 3.254400015E+000 
5.389500141E+000 5.772150040E+001 3.453999996E+000 
4.670899868E+000 5.772150040E+001 3.628999949E+000 
3.952300549E+000 5.772150040E+001 3.628999949E+000 
3.233700275E+000 5.772150040E+001 3.705899954E+000 
2.515100002E+000 5.772150040E+001 3.710000038E+000 
1.796499610E+000 5.772150040E+001 3.710000038E+000 
1.077900290E+000 5.772150040E+001 3.669300079E+000 
3.592990935E-001 5.772150040E+001 3.699800014E+000 
1.616850090E+001 5.886449814E+001 3.785500050E+000 
1.544989967E+001 5.886449814E+001 3.771100044E+000 
1.473130035E+001 5.886449814E+001 3.592400074E+000 
1.401270008E+001 5.886449814E+001 3.592400074E+000 
1.329409981E+001 5.886449814E+001 3.394700050E+000 
1.257549953E+001 5.886449814E+001 3.235399961E+000 
1.185690022E+001 5.886449814E+001 3.235399961E+000 
1.113829994E+001 5.886449814E+001 3.150300026E+000 
1.041969967E+001 5.886449814E+001 3.086800098E+000 
9.701099396E+000 5.886449814E+001 3.021600008E+000 
8.982500076E+000 5.886449814E+001 3.029500008E+000 
8.263899803E+000 5.886449814E+001 3.050199986E+000 
7.545300007E+000 5.886449814E+001 3.137300014E+000 
6.826699734E+000 5.886449814E+001 3.244699955E+000 
6.108100414E+000 5.886449814E+001 3.509500027E+000 
5.389500141E+000 5.886449814E+001 3.509500027E+000 
4.670899868E+000 5.886449814E+001 3.678100109E+000 
3.952300549E+000 5.886449814E+001 3.678100109E+000 
3.233700275E+000 5.886449814E+001 3.726200104E+000 
2.515100002E+000 5.886449814E+001 3.726200104E+000 
1.796499610E+000 5.886449814E+001 3.677599907E+000 
1.077900290E+000 5.886449814E+001 3.677599907E+000 
3.592990935E-001 5.886449814E+001 3.677599907E+000 
1.616850090E+001 6.000749969E+001 3.690099955E+000 
1.544989967E+001 6.000749969E+001 3.697499990E+000 
1.473130035E+001 6.000749969E+001 3.697499990E+000 
1.401270008E+001 6.000749969E+001 3.592400074E+000 
1.329409981E+001 6.000749969E+001 3.394700050E+000 
1.257549953E+001 6.000749969E+001 3.181699991E+000 
1.185690022E+001 6.000749969E+001 3.181699991E+000 
1.113829994E+001 6.000749969E+001 3.097899914E+000 
1.041969967E+001 6.000749969E+001 3.022500038E+000 
9.701099396E+000 6.000749969E+001 3.019999981E+000 
8.982500076E+000 6.000749969E+001 3.022300005E+000 
8.263899803E+000 6.000749969E+001 3.038199902E+000 
7.545300007E+000 6.000749969E+001 3.137300014E+000 
6.826699734E+000 6.000749969E+001 3.244699955E+000 
6.108100414E+000 6.000749969E+001 3.561899900E+000 
5.389500141E+000 6.000749969E+001 3.561899900E+000 
4.670899868E+000 6.000749969E+001 3.732700109E+000 
3.952300549E+000 6.000749969E+001 3.732700109E+000 
3.233700275E+000 6.000749969E+001 3.759099960E+000 
2.515100002E+000 6.000749969E+001 3.759099960E+000 
1.796499610E+000 6.000749969E+001 3.740099907E+000 
1.077900290E+000 6.000749969E+001 3.740099907E+000 
3.592990935E-001 6.000749969E+001 3.747499943E+000 
1.616850090E+001 6.115050125E+001 3.690099955E+000 
1.544989967E+001 6.115050125E+001 3.590600014E+000 
1.473130035E+001 6.115050125E+001 3.590600014E+000 
1.401270008E+001 6.115050125E+001 3.454900026E+000 
1.329409981E+001 6.115050125E+001 3.297499895E+000 
1.257549953E+001 6.115050125E+001 3.169699907E+000 
1.185690022E+001 6.115050125E+001 3.085900068E+000 
1.113829994E+001 6.115050125E+001 3.030800104E+000 
1.041969967E+001 6.115050125E+001 3.019999981E+000 
9.701099396E+000 6.115050125E+001 3.022900105E+000 
8.982500076E+000 6.115050125E+001 3.053900003E+000 
8.263899803E+000 6.115050125E+001 3.121099949E+000 
7.545300007E+000 6.115050125E+001 3.299299955E+000 
6.826699734E+000 6.115050125E+001 3.299299955E+000 
6.108100414E+000 6.115050125E+001 3.561899900E+000 
5.389500141E+000 6.115050125E+001 3.561899900E+000 
4.670899868E+000 6.115050125E+001 3.732199907E+000 
3.952300549E+000 6.115050125E+001 3.732199907E+000 
3.233700275E+000 6.115050125E+001 3.803100109E+000 
2.515100002E+000 6.115050125E+001 3.803100109E+000 
1.796499610E+000 6.115050125E+001 3.740099907E+000 
1.077900290E+000 6.115050125E+001 3.740099907E+000 
3.592990935E-001 6.115050125E+001 3.760900021E+000 
1.616850090E+001 6.229349899E+001 3.652600050E+000 
1.544989967E+001 6.229349899E+001 3.562799931E+000 
1.473130035E+001 6.229349899E+001 3.379899979E+000 
1.401270008E+001 6.229349899E+001 3.379899979E+000 
1.329409981E+001 6.229349899E+001 3.217400074E+000 
1.257549953E+001 6.229349899E+001 3.128499985E+000 
1.185690022E+001 6.229349899E+001 3.077600002E+000 
1.113829994E+001 6.229349899E+001 3.019999981E+000 
1.041969967E+001 6.229349899E+001 3.019999981E+000 
9.701099396E+000 6.229349899E+001 3.056299925E+000 
8.982500076E+000 6.229349899E+001 3.119199991E+000 
8.263899803E+000 6.229349899E+001 3.198400021E+000 
7.545300007E+000 6.229349899E+001 3.350699902E+000 
6.826699734E+000 6.229349899E+001 3.350699902E+000 
6.108100414E+000 6.229349899E+001 3.566999912E+000 
5.389500141E+000 6.229349899E+001 3.566999912E+000 
4.670899868E+000 6.229349899E+001 3.732199907E+000 
3.952300549E+000 6.229349899E+001 3.732199907E+000 
3.233700275E+000 6.229349899E+001 3.819799900E+000 
2.515100002E+000 6.229349899E+001 3.853100061E+000 
1.796499610E+000 6.229349899E+001 3.853100061E+000 
1.077900290E+000 6.229349899E+001 3.853100061E+000 
3.592990935E-001 6.229349899E+001 3.795200109E+000 
1.616850090E+001 6.343650055E+001 3.652600050E+000 
1.544989967E+001 6.343650055E+001 3.540600061E+000 
1.473130035E+001 6.343650055E+001 3.333600044E+000 
1.401270008E+001 6.343650055E+001 3.333600044E+000 
1.329409981E+001 6.343650055E+001 3.181299925E+000 
1.257549953E+001 6.343650055E+001 3.111799955E+000 
1.185690022E+001 6.343650055E+001 3.032200098E+000 
1.113829994E+001 6.343650055E+001 3.019999981E+000 
1.041969967E+001 6.343650055E+001 3.024100065E+000 
9.701099396E+000 6.343650055E+001 3.042399883E+000 
8.982500076E+000 6.343650055E+001 3.111399889E+000 
8.263899803E+000 6.343650055E+001 3.246099949E+000 
7.545300007E+000 6.343650055E+001 3.404400110E+000 
6.826699734E+000 6.343650055E+001 3.404400110E+000 
6.108100414E+000 6.343650055E+001 3.581300020E+000 
5.389500141E+000 6.343650055E+001 3.581300020E+000 
4.670899868E+000 6.343650055E+001 3.725300074E+000 
3.952300549E+000 6.343650055E+001 3.725300074E+000 
3.233700275E+000 6.343650055E+001 3.819799900E+000 
2.515100002E+000 6.343650055E+001 3.819799900E+000 
1.796499610E+000 6.343650055E+001 3.853100061E+000 
1.077900290E+000 6.343650055E+001 3.853100061E+000 
3.592990935E-001 6.343650055E+001 3.795200109E+000 
1.616850090E+001 6.457949829E+001 3.682699919E+000 
1.544989967E+001 6.457949829E+001 3.522000074E+000 
1.473130035E+001 6.457949829E+001 3.302999973E+000 
1.401270008E+001 6.457949829E+001 3.184099913E+000 
1.329409981E+001 6.457949829E+001 3.184099913E+000 
1.257549953E+001 6.457949829E+001 3.064599991E+000 
1.185690022E+001 6.457949829E+001 3.019999981E+000 
1.113829994E+001 6.457949829E+001 3.019999981E+000 
1.041969967E+001 6.457949829E+001 3.049299955E+000 
9.701099396E+000 6.457949829E+001 3.132699966E+000 
8.982500076E+000 6.457949829E+001 3.223400116E+000 
8.263899803E+000 6.457949829E+001 3.246099949E+000 
7.545300007E+000 6.457949829E+001 3.466900110E+000 
6.826699734E+000 6.457949829E+001 3.613300085E+000 
6.108100414E+000 6.457949829E+001 3.613300085E+000 
5.389500141E+000 6.457949829E+001 3.708600044E+000 
4.670899868E+000 6.457949829E+001 3.708600044E+000 
3.952300549E+000 6.457949829E+001 3.757699966E+000 
3.233700275E+000 6.457949829E+001 3.757699966E+000 
2.515100002E+000 6.457949829E+001 3.756799936E+000 
1.796499610E+000 6.457949829E+001 3.756799936E+000 
1.077900290E+000 6.457949829E+001 3.760900021E+000 
3.592990935E-001 6.457949829E+001 3.761399984E+000 
1.616850090E+001 6.572250366E+001 3.682699919E+000 
1.544989967E+001 6.572250366E+001 3.522000074E+000 
1.473130035E+001 6.572250366E+001 3.302999973E+000 
1.401270008E+001 6.572250366E+001 3.165100098E+000 
1.329409981E+001 6.572250366E+001 3.115499973E+000 
1.257549953E+001 6.572250366E+001 3.025199890E+000 
1.185690022E+001 6.572250366E+001 3.019999981E+000 
1.113829994E+001 6.572250366E+001 3.059999943E+000 
1.041969967E+001 6.572250366E+001 3.133599997E+000 
9.701099396E+000 6.572250366E+001 3.218300104E+000 
8.982500076E+000 6.572250366E+001 3.343300104E+000 
8.263899803E+000 6.572250366E+001 3.343300104E+000 
7.545300007E+000 6.572250366E+001 3.466900110E+000 
6.826699734E+000 6.572250366E+001 3.466900110E+000 
6.108100414E+000 6.572250366E+001 3.617399931E+000 
5.389500141E+000 6.572250366E+001 3.677099943E+000 
4.670899868E+000 6.572250366E+001 3.677099943E+000 
3.952300549E+000 6.572250366E+001 3.703500032E+000 
3.233700275E+000 6.572250366E+001 3.703500032E+000 
2.515100002E+000 6.572250366E+001 3.645200014E+000 
1.796499610E+000 6.572250366E+001 3.716500044E+000 
1.077900290E+000 6.572250366E+001 3.724800110E+000 
3.592990935E-001 6.572250366E+001 3.728100061E+000 
1.616850090E+001 6.686550140E+001 3.376199961E+000 
1.544989967E+001 6.686550140E+001 3.376199961E+000 
1.473130035E+001 6.686550140E+001 3.234999895E+000 
1.401270008E+001 6.686550140E+001 3.109499931E+000 
1.329409981E+001 6.686550140E+001 3.046999931E+000 
1.257549953E+001 6.686550140E+001 3.019999981E+000 
1.185690022E+001 6.686550140E+001 3.025199890E+000 
1.113829994E+001 6.686550140E+001 3.104399920E+000 
1.041969967E+001 6.686550140E+001 3.104399920E+000 
9.701099396E+000 6.686550140E+001 3.208100080E+000 
8.982500076E+000 6.686550140E+001 3.405400038E+000 
8.263899803E+000 6.686550140E+001 3.405400038E+000 
7.545300007E+000 6.686550140E+001 3.534499884E+000 
6.826699734E+000 6.686550140E+001 3.534499884E+000 
6.108100414E+000 6.686550140E+001 3.617399931E+000 
5.389500141E+000 6.686550140E+001 3.617399931E+000 
4.670899868E+000 6.686550140E+001 3.647099972E+000 
3.952300549E+000 6.686550140E+001 3.654500008E+000 
3.233700275E+000 6.686550140E+001 3.645200014E+000 
2.515100002E+000 6.686550140E+001 3.645200014E+000 
1.796499610E+000 6.686550140E+001 3.645200014E+000 
1.077900290E+000 6.686550140E+001 3.680900097E+000 
3.592990935E-001 6.686550140E+001 3.683599949E+000 
1.616850090E+001 6.800849915E+001 3.174299955E+000 
1.544989967E+001 6.800849915E+001 3.175299883E+000 
1.473130035E+001 6.800849915E+001 3.088700056E+000 
1.401270008E+001 6.800849915E+001 3.043800116E+000 
1.329409981E+001 6.800849915E+001 3.019999981E+000 
1.257549953E+001 6.800849915E+001 3.019999981E+000 
1.185690022E+001 6.800849915E+001 3.019999981E+000 
1.113829994E+001 6.800849915E+001 3.072900057E+000 
1.041969967E+001 6.800849915E+001 3.165999889E+000 
9.701099396E+000 6.800849915E+001 3.297499895E+000 
8.982500076E+000 6.800849915E+001 3.297499895E+000 
8.263899803E+000 6.800849915E+001 3.405400038E+000 
7.545300007E+000 6.800849915E+001 3.609999895E+000 
6.826699734E+000 6.800849915E+001 3.609999895E+000 
6.108100414E+000 6.800849915E+001 3.644700050E+000 
5.389500141E+000 6.800849915E+001 3.644700050E+000 
4.670899868E+000 6.800849915E+001 3.647099972E+000 
3.952300549E+000 6.800849915E+001 3.603100061E+000 
3.233700275E+000 6.800849915E+001 3.603100061E+000 
2.515100002E+000 6.800849915E+001 3.603100061E+000 
1.796499610E+000 6.800849915E+001 3.643300056E+000 
1.077900290E+000 6.800849915E+001 3.660000086E+000 
3.592990935E-001 6.800849915E+001 3.663300037E+000 
1.616850090E+001 6.915149689E+001 3.077100039E+000 
1.544989967E+001 6.915149689E+001 3.053900003E+000 
1.473130035E+001 6.915149689E+001 3.048899889E+000 
1.401270008E+001 6.915149689E+001 3.019999981E+000 
1.329409981E+001 6.915149689E+001 3.019999981E+000 
1.257549953E+001 6.915149689E+001 3.019999981E+000 
1.185690022E+001 6.915149689E+001 3.035000086E+000 
1.113829994E+001 6.915149689E+001 3.082200050E+000 
1.041969967E+001 6.915149689E+001 3.165999889E+000 
9.701099396E+000 6.915149689E+001 3.378499985E+000 
8.982500076E+000 6.915149689E+001 3.530800104E+000 
8.263899803E+000 6.915149689E+001 3.530800104E+000 
7.545300007E+000 6.915149689E+001 3.609999895E+000 
6.826699734E+000 6.915149689E+001 3.693799973E+000 
6.108100414E+000 6.915149689E+001 3.693799973E+000 
5.389500141E+000 6.915149689E+001 3.663700104E+000 
4.670899868E+000 6.915149689E+001 3.663700104E+000 
3.952300549E+000 6.915149689E+001 3.663700104E+000 
3.233700275E+000 6.915149689E+001 3.603100061E+000 
2.515100002E+000 6.915149689E+001 3.603100061E+000 
1.796499610E+000 6.915149689E+001 3.638700008E+000 
1.077900290E+000 6.915149689E+001 3.640100002E+000 
3.592990935E-001 6.915149689E+001 3.641000032E+000 
1.616850090E+001 7.029450226E+001 3.024300098E+000 
1.544989967E+001 7.029450226E+001 3.025700092E+000 
1.473130035E+001 7.029450226E+001 3.019999981E+000 
1.401270008E+001 7.029450226E+001 3.019999981E+000 
1.329409981E+001 7.029450226E+001 3.029900074E+000 
1.257549953E+001 7.029450226E+001 3.053499937E+000 
1.185690022E+001 7.029450226E+001 3.063199997E+000 
1.113829994E+001 7.029450226E+001 3.213700056E+000 
1.041969967E+001 7.029450226E+001 3.213700056E+000 
9.701099396E+000 7.029450226E+001 3.378499985E+000 
8.982500076E+000 7.029450226E+001 3.599400043E+000 
8.263899803E+000 7.029450226E+001 3.599400043E+000 
7.545300007E+000 7.029450226E+001 3.691499949E+000 
6.826699734E+000 7.029450226E+001 3.691499949E+000 
6.108100414E+000 7.029450226E+001 3.693799973E+000 
5.389500141E+000 7.029450226E+001 3.721600056E+000 
4.670899868E+000 7.029450226E+001 3.721600056E+000 
3.952300549E+000 7.029450226E+001 3.649399996E+000 
3.233700275E+000 7.029450226E+001 3.649399996E+000 
2.515100002E+000 7.029450226E+001 3.662300110E+000 
1.796499610E+000 7.029450226E+001 3.662800074E+000 
1.077900290E+000 7.029450226E+001 3.654500008E+000 
3.592990935E-001 7.029450226E+001 3.654900074E+000 
1.616850090E+001 7.143750000E+001 3.021500111E+000 
1.544989967E+001 7.143750000E+001 3.028500080E+000 
1.473130035E+001 7.143750000E+001 3.030299902E+000 
1.401270008E+001 7.143750000E+001 3.033999920E+000 
1.329409981E+001 7.143750000E+001 3.092799902E+000 
1.257549953E+001 7.143750000E+001 3.092799902E+000 
1.185690022E+001 7.143750000E+001 3.146100044E+000 
1.113829994E+001 7.143750000E+001 3.316900015E+000 
1.041969967E+001 7.143750000E+001 3.316900015E+000 
9.701099396E+000 7.143750000E+001 3.458600044E+000 
8.982500076E+000 7.143750000E+001 3.458600044E+000 
8.263899803E+000 7.143750000E+001 3.599400043E+000 
7.545300007E+000 7.143750000E+001 3.724800110E+000 
6.826699734E+000 7.143750000E+001 3.724800110E+000 
6.108100414E+000 7.143750000E+001 3.724800110E+000 
5.389500141E+000 7.143750000E+001 3.721600056E+000 
4.670899868E+000 7.143750000E+001 3.721600056E+000 
3.952300549E+000 7.143750000E+001 3.729899883E+000 
3.233700275E+000 7.143750000E+001 3.686899900E+000 
2.515100002E+000 7.143750000E+001 3.684099913E+000 
1.796499610E+000 7.143750000E+001 3.682699919E+000 
1.077900290E+000 7.143750000E+001 3.675299883E+000 
3.592990935E-001 7.143750000E+001 3.674799919E+000 
1.616850090E+001 7.258049774E+001 3.029900074E+000 
1.544989967E+001 7.258049774E+001 3.031699896E+000 
1.473130035E+001 7.258049774E+001 3.072000027E+000 
1.401270008E+001 7.258049774E+001 3.099800110E+000 
1.329409981E+001 7.258049774E+001 3.114099979E+000 
1.257549953E+001 7.258049774E+001 3.210000038E+000 
1.185690022E+001 7.258049774E+001 3.278500080E+000 
1.113829994E+001 7.258049774E+001 3.278500080E+000 
1.041969967E+001 7.258049774E+001 3.404000044E+000 
9.701099396E+000 7.258049774E+001 3.553100109E+000 
8.982500076E+000 7.258049774E+001 3.553100109E+000 
8.263899803E+000 7.258049774E+001 3.689199924E+000 
7.545300007E+000 7.258049774E+001 3.689199924E+000 
6.826699734E+000 7.258049774E+001 3.724800110E+000 
6.108100414E+000 7.258049774E+001 3.748399973E+000 
5.389500141E+000 7.258049774E+001 3.748399973E+000 
4.670899868E+000 7.258049774E+001 3.729899883E+000 
3.952300549E+000 7.258049774E+001 3.729899883E+000 
3.233700275E+000 7.258049774E+001 3.729899883E+000 
2.515100002E+000 7.258049774E+001 3.703999996E+000 
1.796499610E+000 7.258049774E+001 3.694299936E+000 
1.077900290E+000 7.258049774E+001 3.691999912E+000 
3.592990935E-001 7.258049774E+001 3.690599918E+000 
1.616850090E+001 7.372350311E+001 3.073899984E+000 
1.544989967E+001 7.372350311E+001 3.076600075E+000 
1.473130035E+001 7.372350311E+001 3.104899883E+000 
1.401270008E+001 7.372350311E+001 3.168800116E+000 
1.329409981E+001 7.372350311E+001 3.253999949E+000 
1.257549953E+001 7.372350311E+001 3.302599907E+000 
1.185690022E+001 7.372350311E+001 3.278500080E+000 
1.113829994E+001 7.372350311E+001 3.404000044E+000 
1.041969967E+001 7.372350311E+001 3.404000044E+000 
9.701099396E+000 7.372350311E+001 3.553100109E+000 
8.982500076E+000 7.372350311E+001 3.671099901E+000 
8.263899803E+000 7.372350311E+001 3.671099901E+000 
7.545300007E+000 7.372350311E+001 3.724800110E+000 
6.826699734E+000 7.372350311E+001 3.724800110E+000 
6.108100414E+000 7.372350311E+001 3.724800110E+000 
5.389500141E+000 7.372350311E+001 3.696099997E+000 
4.670899868E+000 7.372350311E+001 3.696099997E+000 
3.952300549E+000 7.372350311E+001 3.710500002E+000 
3.233700275E+000 7.372350311E+001 3.704900026E+000 
2.515100002E+000 7.372350311E+001 3.703500032E+000 
1.796499610E+000 7.372350311E+001 3.702100039E+000 
1.077900290E+000 7.372350311E+001 3.701200008E+000 
3.592990935E-001 7.372350311E+001 3.700799942E+000 
1.616850090E+001 7.486650085E+001 3.165100098E+000 
1.544989967E+001 7.486650085E+001 3.231300116E+000 
1.473130035E+001 7.486650085E+001 3.237799883E+000 
1.401270008E+001 7.486650085E+001 3.263200045E+000 
1.329409981E+001 7.486650085E+001 3.348900080E+000 
1.257549953E+001 7.486650085E+001 3.425699949E+000 
1.185690022E+001 7.486650085E+001 3.503499985E+000 
1.113829994E+001 7.486650085E+001 3.539200068E+000 
1.041969967E+001 7.486650085E+001 3.539200068E+000 
9.701099396E+000 7.486650085E+001 3.539200068E+000 
8.982500076E+000 7.486650085E+001 3.671099901E+000 
8.263899803E+000 7.486650085E+001 3.671099901E+000 
7.545300007E+000 7.486650085E+001 3.693799973E+000 
6.826699734E+000 7.486650085E+001 3.692899942E+000 
6.108100414E+000 7.486650085E+001 3.692899942E+000 
5.389500141E+000 7.486650085E+001 3.696099997E+000 
4.670899868E+000 7.486650085E+001 3.696099997E+000 
3.952300549E+000 7.486650085E+001 3.703500032E+000 
3.233700275E+000 7.486650085E+001 3.705399990E+000 
2.515100002E+000 7.486650085E+001 3.706799984E+000 
1.796499610E+000 7.486650085E+001 3.697099924E+000 
1.077900290E+000 7.486650085E+001 3.696599960E+000 
3.592990935E-001 7.486650085E+001 3.696599960E+000 
1.616850090E+001 7.600949860E+001 3.236799955E+000 
1.544989967E+001 7.600949860E+001 3.342400074E+000 
1.473130035E+001 7.600949860E+001 3.348900080E+000 
1.401270008E+001 7.600949860E+001 3.358099937E+000 
1.329409981E+001 7.600949860E+001 3.435499907E+000 
1.257549953E+001 7.600949860E+001 3.518300056E+000 
1.185690022E+001 7.600949860E+001 3.546600103E+000 
1.113829994E+001 7.600949860E+001 3.560899973E+000 
1.041969967E+001 7.600949860E+001 3.626199961E+000 
9.701099396E+000 7.600949860E+001 3.688699961E+000 
8.982500076E+000 7.600949860E+001 3.688699961E+000 
8.263899803E+000 7.600949860E+001 3.705399990E+000 
7.545300007E+000 7.600949860E+001 3.705399990E+000 
6.826699734E+000 7.600949860E+001 3.692899942E+000 
6.108100414E+000 7.600949860E+001 3.656300068E+000 
5.389500141E+000 7.600949860E+001 3.656300068E+000 
4.670899868E+000 7.600949860E+001 3.681299925E+000 
3.952300549E+000 7.600949860E+001 3.687299967E+000 
3.233700275E+000 7.600949860E+001 3.692899942E+000 
2.515100002E+000 7.600949860E+001 3.694299936E+000 
1.796499610E+000 7.600949860E+001 3.695699930E+000 
1.077900290E+000 7.600949860E+001 3.696099997E+000 
3.592990935E-001 7.600949860E+001 3.696599960E+000 
1.616850090E+001 7.715249634E+001 3.348400116E+000 
1.544989967E+001 7.715249634E+001 3.354000092E+000 
1.473130035E+001 7.715249634E+001 3.453500032E+000 
1.401270008E+001 7.715249634E+001 3.546600103E+000 
1.329409981E+001 7.715249634E+001 3.551199913E+000 
1.257549953E+001 7.715249634E+001 3.558199883E+000 
1.185690022E+001 7.715249634E+001 3.568300009E+000 
1.113829994E+001 7.715249634E+001 3.628999949E+000 
1.041969967E+001 7.715249634E+001 3.664200068E+000 
9.701099396E+000 7.715249634E+001 3.688699961E+000 
8.982500076E+000 7.715249634E+001 3.688699961E+000 
8.263899803E+000 7.715249634E+001 3.696099997E+000 
7.545300007E+000 7.715249634E+001 3.683199883E+000 
6.826699734E+000 7.715249634E+001 3.655800104E+000 
6.108100414E+000 7.715249634E+001 3.655800104E+000 
5.389500141E+000 7.715249634E+001 3.675800085E+000 
4.670899868E+000 7.715249634E+001 3.677099943E+000 
3.952300549E+000 7.715249634E+001 3.678999901E+000 
3.233700275E+000 7.715249634E+001 3.683199883E+000 
2.515100002E+000 7.715249634E+001 3.684600115E+000 
1.796499610E+000 7.715249634E+001 3.692899942E+000 
1.077900290E+000 7.715249634E+001 3.694299936E+000 
3.592990935E-001 7.715249634E+001 3.694700003E+000 
1.616850090E+001 7.829550171E+001 3.453999996E+000 
1.544989967E+001 7.829550171E+001 3.458600044E+000 
1.473130035E+001 7.829550171E+001 3.552099943E+000 
1.401270008E+001 7.829550171E+001 3.556299925E+000 
1.329409981E+001 7.829550171E+001 3.561399937E+000 
1.257549953E+001 7.829550171E+001 3.609100103E+000 
1.185690022E+001 7.829550171E+001 3.665600061E+000 
1.113829994E+001 7.829550171E+001 3.666500092E+000 
1.041969967E+001 7.829550171E+001 3.669699907E+000 
9.701099396E+000 7.829550171E+001 3.673899889E+000 
8.982500076E+000 7.829550171E+001 3.696099997E+000 
8.263899803E+000 7.829550171E+001 3.696099997E+000 
7.545300007E+000 7.829550171E+001 3.696099997E+000 
6.826699734E+000 7.829550171E+001 3.655800104E+000 
6.108100414E+000 7.829550171E+001 3.655800104E+000 
5.389500141E+000 7.829550171E+001 3.677099943E+000 
4.670899868E+000 7.829550171E+001 3.677599907E+000 
3.952300549E+000 7.829550171E+001 3.678499937E+000 
3.233700275E+000 7.829550171E+001 3.678999901E+000 
2.515100002E+000 7.829550171E+001 3.679500103E+000 
1.796499610E+000 7.829550171E+001 3.684600115E+000 
1.077900290E+000 7.829550171E+001 3.685499907E+000 
3.592990935E-001 7.829550171E+001 3.685899973E+000 
1.616850090E+001 7.943849945E+001 3.551199913E+000 
1.544989967E+001 7.943849945E+001 3.553499937E+000 
1.473130035E+001 7.943849945E+001 3.602099895E+000 
1.401270008E+001 7.943849945E+001 3.605799913E+000 
1.329409981E+001 7.943849945E+001 3.609999895E+000 
1.257549953E+001 7.943849945E+001 3.664599895E+000 
1.185690022E+001 7.943849945E+001 3.666500092E+000 
1.113829994E+001 7.943849945E+001 3.668299913E+000 
1.041969967E+001 7.943849945E+001 3.671099901E+000 
9.701099396E+000 7.943849945E+001 3.673899889E+000 
8.982500076E+000 7.943849945E+001 3.689599991E+000 
8.263899803E+000 7.943849945E+001 3.694299936E+000 
7.545300007E+000 7.943849945E+001 3.694299936E+000 
6.826699734E+000 7.943849945E+001 3.694299936E+000 
6.108100414E+000 7.943849945E+001 3.682199955E+000 
5.389500141E+000 7.943849945E+001 3.680900097E+000 
4.670899868E+000 7.943849945E+001 3.680399895E+000 
3.952300549E+000 7.943849945E+001 3.679500103E+000 
3.233700275E+000 7.943849945E+001 3.679899931E+000 
2.515100002E+000 7.943849945E+001 3.679899931E+000 
1.796499610E+000 7.943849945E+001 3.680399895E+000 
1.077900290E+000 7.943849945E+001 3.680399895E+000 
3.592990935E-001 7.943849945E+001 3.685499907E+000 
