           1
           2
           3
           4
           5
           6
          11
          12
          13
          14
          15
          16
          17
          18
          19
          20
          21
          22
          23
          24
          25
          26
          27
          37
          38
          39
          40
          41
          42
          43
          44
          45
          46
          47
          48
          49
          61
          62
          63
          64
          65
          66
          67
          68
          69
          70
          71
          85
          86
          87
          88
          89
          90
          91
          92
          93
         109
         110
         111
         112
         113
         114
         115
         133
         134
         135
         136
         137
         138
         157
         158
         159
         160
         161
         181
         182
         183
         184
         205
         206
         207
         228
         229
         230
         251
         252
         253
         275
         276
         298
         299
         321
         322
         344
         345
         368
         391
         414
         874
         897
         920
         943
         965
         966
         988
         989
        1011
        1012
        1034
        1035
        1057
        1058
        1079
        1080
        1081
        1102
        1103
        1104
        1125
        1126
        1127
        1148
        1149
        1150
        1171
        1172
        1173
        1194
        1195
        1196
        1217
        1218
        1219
        1240
        1241
        1242
        1262
        1263
        1264
        1265
        1285
        1286
        1287
        1288
        1308
        1309
        1310
        1311
        1312
        1331
        1332
        1333
        1334
        1335
        1354
        1355
        1356
        1357
        1358
        1359
        1377
        1378
        1379
        1380
        1381
        1382
        1383
        1400
        1401
        1402
        1403
        1404
        1405
        1406
        1423
        1424
        1425
        1426
        1427
        1428
        1429
        1430
        1445
        1446
        1447
        1448
        1449
        1450
        1451
        1452
        1453
        1467
        1468
        1469
        1470
        1471
        1472
        1473
        1474
        1475
        1476
        1477
        1478
        1489
        1490
        1491
        1492
        1493
        1494
        1495
        1496
        1497
        1498
        1499
        1500
        1501
        1502
        1503
        1504
        1511
        1512
        1513
        1514
        1515
        1516
        1517
        1518
        1519
        1520
        1521
        1522
        1523
        1524
        1525
        1526
        1527
        1528
        1533
        1534
        1535
        1536
        1537
        1538
        1539
        1540
        1541
        1542
        1543
        1544
        1545
        1546
        1547
        1548
        1549
        1550
        1551
        1552
        1553
        1555
        1556
        1557
        1558
        1559
        1560
        1561
        1562
        1563
        1564
        1565
        1566
        1567
        1568
        1569
        1570
        1571
        1572
        1573
        1574
        1575
        1576
        1577
        1578
        1579
        1580
        1581
        1582
        1583
        1584
        1585
        1586
        1587
        1588
        1589
        1590
        1591
        1592
        1593
        1594
        1595
        1596
        1597
        1598
        1599
        1600
        1601
        1602
        1603
        1604
        1605
        1606
        1607
        1608
        1609
        1610
        1611
        1612
        1613
        1614
        1615
        1616
        1621
        1622
        1623
        1624
        1625
        1626
        1627
        1628
        1629
        1630
        1631
        1632
        1633
        1634
        1635
        1636
        1637
        1647
        1648
        1649
        1650
        1651
        1652
        1653
        1654
        1655
        1656
        1657
        1658
        1659
        1671
        1672
        1673
        1674
        1675
        1676
        1677
        1678
        1679
        1680
        1681
        1695
        1696
        1697
        1698
        1699
        1700
        1701
        1702
        1703
        1719
        1720
        1721
        1722
        1723
        1724
        1725
        1743
        1744
        1745
        1746
        1747
        1748
        1767
        1768
        1769
        1770
        1771
        1791
        1792
        1793
        1794
        1815
        1816
        1817
        1838
        1839
        1840
        1861
        1862
        1863
        1885
        1886
        1908
        1909
        1931
        1932
        1954
        1955
        1978
        2001
        2024
        2484
        2507
        2530
        2553
        2575
        2576
        2598
        2599
        2621
        2622
        2644
        2645
        2667
        2668
        2689
        2690
        2691
        2712
        2713
        2714
        2735
        2736
        2737
        2758
        2759
        2760
        2781
        2782
        2783
        2804
        2805
        2806
        2827
        2828
        2829
        2850
        2851
        2852
        2872
        2873
        2874
        2875
        2895
        2896
        2897
        2898
        2918
        2919
        2920
        2921
        2922
        2941
        2942
        2943
        2944
        2945
        2964
        2965
        2966
        2967
        2968
        2969
        2987
        2988
        2989
        2990
        2991
        2992
        2993
        3010
        3011
        3012
        3013
        3014
        3015
        3016
        3033
        3034
        3035
        3036
        3037
        3038
        3039
        3040
        3055
        3056
        3057
        3058
        3059
        3060
        3061
        3062
        3063
        3077
        3078
        3079
        3080
        3081
        3082
        3083
        3084
        3085
        3086
        3087
        3088
        3099
        3100
        3101
        3102
        3103
        3104
        3105
        3106
        3107
        3108
        3109
        3110
        3111
        3112
        3113
        3114
        3121
        3122
        3123
        3124
        3125
        3126
        3127
        3128
        3129
        3130
        3131
        3132
        3133
        3134
        3135
        3136
        3137
        3138
        3143
        3144
        3145
        3146
        3147
        3148
        3149
        3150
        3151
        3152
        3153
        3154
        3155
        3156
        3157
        3158
        3159
        3160
        3161
        3162
        3163
        3165
        3166
        3167
        3168
        3169
        3170
        3171
        3172
        3173
        3174
        3175
        3176
        3177
        3178
        3179
        3180
        3181
        3182
        3183
        3184
        3185
        3186
        3187
        3188
        3189
        3190
        3191
        3192
        3193
        3194
        3195
        3196
        3197
        3198
        3199
        3200
        3201
        3202
        3203
        3204
        3205
        3206
        3207
        3208
        3209
        3210
        3211
        3212
        3213
        3214
        3215
        3216
        3217
        3218
        3219
        3220
        3221
        3222
        3223
        3224
        3225
        3226
        3231
        3232
        3233
        3234
        3235
        3236
        3237
        3238
        3239
        3240
        3241
        3242
        3243
        3244
        3245
        3246
        3247
        3257
        3258
        3259
        3260
        3261
        3262
        3263
        3264
        3265
        3266
        3267
        3268
        3269
        3281
        3282
        3283
        3284
        3285
        3286
        3287
        3288
        3289
        3290
        3291
        3305
        3306
        3307
        3308
        3309
        3310
        3311
        3312
        3313
        3329
        3330
        3331
        3332
        3333
        3334
        3335
        3353
        3354
        3355
        3356
        3357
        3358
        3377
        3378
        3379
        3380
        3381
        3401
        3402
        3403
        3404
        3425
        3426
        3427
        3448
        3449
        3450
        3471
        3472
        3473
        3495
        3496
        3518
        3519
        3541
        3542
        3564
        3565
        3588
        3611
        3634
        4094
        4117
        4140
        4163
        4185
        4186
        4208
        4209
        4231
        4232
        4254
        4255
        4277
        4278
        4299
        4300
        4301
        4322
        4323
        4324
        4345
        4346
        4347
        4368
        4369
        4370
        4391
        4392
        4393
        4414
        4415
        4416
        4437
        4438
        4439
        4460
        4461
        4462
        4482
        4483
        4484
        4485
        4505
        4506
        4507
        4508
        4528
        4529
        4530
        4531
        4532
        4551
        4552
        4553
        4554
        4555
        4574
        4575
        4576
        4577
        4578
        4579
        4597
        4598
        4599
        4600
        4601
        4602
        4603
        4620
        4621
        4622
        4623
        4624
        4625
        4626
        4643
        4644
        4645
        4646
        4647
        4648
        4649
        4650
        4665
        4666
        4667
        4668
        4669
        4670
        4671
        4672
        4673
        4687
        4688
        4689
        4690
        4691
        4692
        4693
        4694
        4695
        4696
        4697
        4698
        4709
        4710
        4711
        4712
        4713
        4714
        4715
        4716
        4717
        4718
        4719
        4720
        4721
        4722
        4723
        4724
        4731
        4732
        4733
        4734
        4735
        4736
        4737
        4738
        4739
        4740
        4741
        4742
        4743
        4744
        4745
        4746
        4747
        4748
        4753
        4754
        4755
        4756
        4757
        4758
        4759
        4760
        4761
        4762
        4763
        4764
        4765
        4766
        4767
        4768
        4769
        4770
        4771
        4772
        4773
        4775
        4776
        4777
        4778
        4779
        4780
        4781
        4782
        4783
        4784
        4785
        4786
        4787
        4788
        4789
        4790
        4791
        4792
        4793
        4794
        4795
        4796
        4797
        4798
        4799
        4800
        4801
        4802
        4803
        4804
        4805
        4806
        4807
        4808
        4809
        4810
        4811
        4812
        4813
        4814
        4815
        4816
        4817
        4818
        4819
        4820
        4821
        4822
        4823
        4824
        4825
        4826
        4827
        4828
        4829
        4830
        4831
        4832
        4833
        4834
        4835
        4836
        4841
        4842
        4843
        4844
        4845
        4846
        4847
        4848
        4849
        4850
        4851
        4852
        4853
        4854
        4855
        4856
        4857
        4867
        4868
        4869
        4870
        4871
        4872
        4873
        4874
        4875
        4876
        4877
        4878
        4879
        4891
        4892
        4893
        4894
        4895
        4896
        4897
        4898
        4899
        4900
        4901
        4915
        4916
        4917
        4918
        4919
        4920
        4921
        4922
        4923
        4939
        4940
        4941
        4942
        4943
        4944
        4945
        4963
        4964
        4965
        4966
        4967
        4968
        4987
        4988
        4989
        4990
        4991
        5011
        5012
        5013
        5014
        5035
        5036
        5037
        5058
        5059
        5060
        5081
        5082
        5083
        5105
        5106
        5128
        5129
        5151
        5152
        5174
        5175
        5198
        5221
        5244
        5704
        5727
        5750
        5773
        5795
        5796
        5818
        5819
        5841
        5842
        5864
        5865
        5887
        5888
        5909
        5910
        5911
        5932
        5933
        5934
        5955
        5956
        5957
        5978
        5979
        5980
        6001
        6002
        6003
        6024
        6025
        6026
        6047
        6048
        6049
        6070
        6071
        6072
        6092
        6093
        6094
        6095
        6115
        6116
        6117
        6118
        6138
        6139
        6140
        6141
        6142
        6161
        6162
        6163
        6164
        6165
        6184
        6185
        6186
        6187
        6188
        6189
        6207
        6208
        6209
        6210
        6211
        6212
        6213
        6230
        6231
        6232
        6233
        6234
        6235
        6236
        6253
        6254
        6255
        6256
        6257
        6258
        6259
        6260
        6275
        6276
        6277
        6278
        6279
        6280
        6281
        6282
        6283
        6297
        6298
        6299
        6300
        6301
        6302
        6303
        6304
        6305
        6306
        6307
        6308
        6319
        6320
        6321
        6322
        6323
        6324
        6325
        6326
        6327
        6328
        6329
        6330
        6331
        6332
        6333
        6334
        6341
        6342
        6343
        6344
        6345
        6346
        6347
        6348
        6349
        6350
        6351
        6352
        6353
        6354
        6355
        6356
        6357
        6358
        6363
        6364
        6365
        6366
        6367
        6368
        6369
        6370
        6371
        6372
        6373
        6374
        6375
        6376
        6377
        6378
        6379
        6380
        6381
        6382
        6383
        6385
        6386
        6387
        6388
        6389
        6390
        6391
        6392
        6393
        6394
        6395
        6396
        6397
        6398
        6399
        6400
        6401
        6402
        6403
        6404
        6405
        6406
        6407
        6408
        6409
        6410
        6411
        6412
        6413
        6414
        6415
        6416
        6417
        6418
        6419
        6420
        6421
        6422
        6423
        6424
        6425
        6426
        6427
        6428
        6429
        6430
        6431
        6432
        6433
        6434
        6435
        6436
        6437
        6438
        6439
        6440
        6441
        6442
        6443
        6444
        6445
        6446
        6451
        6452
        6453
        6454
        6455
        6456
        6457
        6458
        6459
        6460
        6461
        6462
        6463
        6464
        6465
        6466
        6467
        6477
        6478
        6479
        6480
        6481
        6482
        6483
        6484
        6485
        6486
        6487
        6488
        6489
        6501
        6502
        6503
        6504
        6505
        6506
        6507
        6508
        6509
        6510
        6511
        6525
        6526
        6527
        6528
        6529
        6530
        6531
        6532
        6533
        6549
        6550
        6551
        6552
        6553
        6554
        6555
        6573
        6574
        6575
        6576
        6577
        6578
        6597
        6598
        6599
        6600
        6601
        6621
        6622
        6623
        6624
        6645
        6646
        6647
        6668
        6669
        6670
        6691
        6692
        6693
        6715
        6716
        6738
        6739
        6761
        6762
        6784
        6785
        6808
        6831
        6854
        7314
        7337
        7360
        7383
        7405
        7406
        7428
        7429
        7451
        7452
        7474
        7475
        7497
        7498
        7519
        7520
        7521
        7542
        7543
        7544
        7565
        7566
        7567
        7588
        7589
        7590
        7611
        7612
        7613
        7634
        7635
        7636
        7657
        7658
        7659
        7680
        7681
        7682
        7702
        7703
        7704
        7705
        7725
        7726
        7727
        7728
        7748
        7749
        7750
        7751
        7752
        7771
        7772
        7773
        7774
        7775
        7794
        7795
        7796
        7797
        7798
        7799
        7817
        7818
        7819
        7820
        7821
        7822
        7823
        7840
        7841
        7842
        7843
        7844
        7845
        7846
        7863
        7864
        7865
        7866
        7867
        7868
        7869
        7870
        7885
        7886
        7887
        7888
        7889
        7890
        7891
        7892
        7893
        7907
        7908
        7909
        7910
        7911
        7912
        7913
        7914
        7915
        7916
        7917
        7918
        7929
        7930
        7931
        7932
        7933
        7934
        7935
        7936
        7937
        7938
        7939
        7940
        7941
        7942
        7943
        7944
        7951
        7952
        7953
        7954
        7955
        7956
        7957
        7958
        7959
        7960
        7961
        7962
        7963
        7964
        7965
        7966
        7967
        7968
        7973
        7974
        7975
        7976
        7977
        7978
        7979
        7980
        7981
        7982
        7983
        7984
        7985
        7986
        7987
        7988
        7989
        7990
        7991
        7992
        7993
        7995
        7996
        7997
        7998
        7999
        8000
        8001
        8002
        8003
        8004
        8005
        8006
        8007
        8008
        8009
        8010
        8011
        8012
        8013
        8014
        8015
        8016
        8017
        8018
        8019
        8020
        8021
        8022
        8023
        8024
        8025
        8026
        8027
        8028
        8029
        8030
        8031
        8032
        8033
        8034
        8035
        8036
        8037
        8038
        8039
        8040
        8041
        8042
        8043
        8044
        8045
        8046
        8047
        8048
        8049
        8050
        8051
        8052
        8053
        8054
        8055
        8056
        8061
        8062
        8063
        8064
        8065
        8066
        8067
        8068
        8069
        8070
        8071
        8072
        8073
        8074
        8075
        8076
        8077
        8087
        8088
        8089
        8090
        8091
        8092
        8093
        8094
        8095
        8096
        8097
        8098
        8099
        8111
        8112
        8113
        8114
        8115
        8116
        8117
        8118
        8119
        8120
        8121
        8135
        8136
        8137
        8138
        8139
        8140
        8141
        8142
        8143
        8159
        8160
        8161
        8162
        8163
        8164
        8165
        8183
        8184
        8185
        8186
        8187
        8188
        8207
        8208
        8209
        8210
        8211
        8231
        8232
        8233
        8234
        8255
        8256
        8257
        8278
        8279
        8280
        8301
        8302
        8303
        8325
        8326
        8348
        8349
        8371
        8372
        8394
        8395
        8418
        8441
        8464
        8924
        8947
        8970
        8993
        9015
        9016
        9038
        9039
        9061
        9062
        9084
        9085
        9107
        9108
        9129
        9130
        9131
        9152
        9153
        9154
        9175
        9176
        9177
        9198
        9199
        9200
        9221
        9222
        9223
        9244
        9245
        9246
        9267
        9268
        9269
        9290
        9291
        9292
        9312
        9313
        9314
        9315
        9335
        9336
        9337
        9338
        9358
        9359
        9360
        9361
        9362
        9381
        9382
        9383
        9384
        9385
        9404
        9405
        9406
        9407
        9408
        9409
        9427
        9428
        9429
        9430
        9431
        9432
        9433
        9450
        9451
        9452
        9453
        9454
        9455
        9456
        9473
        9474
        9475
        9476
        9477
        9478
        9479
        9480
        9495
        9496
        9497
        9498
        9499
        9500
        9501
        9502
        9503
        9517
        9518
        9519
        9520
        9521
        9522
        9523
        9524
        9525
        9526
        9527
        9528
        9539
        9540
        9541
        9542
        9543
        9544
        9545
        9546
        9547
        9548
        9549
        9550
        9551
        9552
        9553
        9554
        9561
        9562
        9563
        9564
        9565
        9566
        9567
        9568
        9569
        9570
        9571
        9572
        9573
        9574
        9575
        9576
        9577
        9578
        9583
        9584
        9585
        9586
        9587
        9588
        9589
        9590
        9591
        9592
        9593
        9594
        9595
        9596
        9597
        9598
        9599
        9600
        9601
        9602
        9603
        9605
        9606
        9607
        9608
        9609
        9610
        9611
        9612
        9613
        9614
        9615
        9616
        9617
        9618
        9619
        9620
        9621
        9622
        9623
        9624
        9625
        9626
        9627
        9628
        9629
        9630
        9631
        9632
        9633
        9634
        9635
        9636
        9637
        9638
        9639
        9640
        9641
        9642
        9643
        9644
        9645
        9646
        9647
        9648
        9649
        9650
        9651
        9652
        9653
        9654
        9655
        9656
        9657
        9658
        9659
        9660
        9661
        9662
        9663
        9664
        9665
        9666
        9671
        9672
        9673
        9674
        9675
        9676
        9677
        9678
        9679
        9680
        9681
        9682
        9683
        9684
        9685
        9686
        9687
        9697
        9698
        9699
        9700
        9701
        9702
        9703
        9704
        9705
        9706
        9707
        9708
        9709
        9721
        9722
        9723
        9724
        9725
        9726
        9727
        9728
        9729
        9730
        9731
        9745
        9746
        9747
        9748
        9749
        9750
        9751
        9752
        9753
        9769
        9770
        9771
        9772
        9773
        9774
        9775
        9793
        9794
        9795
        9796
        9797
        9798
        9817
        9818
        9819
        9820
        9821
        9841
        9842
        9843
        9844
        9865
        9866
        9867
        9888
        9889
        9890
        9911
        9912
        9913
        9935
        9936
        9958
        9959
        9981
        9982
       10004
       10005
       10028
       10051
       10074
       10534
       10557
       10580
       10603
       10625
       10626
       10648
       10649
       10671
       10672
       10694
       10695
       10717
       10718
       10739
       10740
       10741
       10762
       10763
       10764
       10785
       10786
       10787
       10808
       10809
       10810
       10831
       10832
       10833
       10854
       10855
       10856
       10877
       10878
       10879
       10900
       10901
       10902
       10922
       10923
       10924
       10925
       10945
       10946
       10947
       10948
       10968
       10969
       10970
       10971
       10972
       10991
       10992
       10993
       10994
       10995
       11014
       11015
       11016
       11017
       11018
       11019
       11037
       11038
       11039
       11040
       11041
       11042
       11043
       11060
       11061
       11062
       11063
       11064
       11065
       11066
       11083
       11084
       11085
       11086
       11087
       11088
       11089
       11090
       11105
       11106
       11107
       11108
       11109
       11110
       11111
       11112
       11113
       11127
       11128
       11129
       11130
       11131
       11132
       11133
       11134
       11135
       11136
       11137
       11138
       11149
       11150
       11151
       11152
       11153
       11154
       11155
       11156
       11157
       11158
       11159
       11160
       11161
       11162
       11163
       11164
       11171
       11172
       11173
       11174
       11175
       11176
       11177
       11178
       11179
       11180
       11181
       11182
       11183
       11184
       11185
       11186
       11187
       11188
       11193
       11194
       11195
       11196
       11197
       11198
       11199
       11200
       11201
       11202
       11203
       11204
       11205
       11206
       11207
       11208
       11209
       11210
       11211
       11212
       11213
       11215
       11216
       11217
       11218
       11219
       11220
       11221
       11222
       11223
       11224
       11225
       11226
       11227
       11228
       11229
       11230
       11231
       11232
       11233
       11234
       11235
       11236
       11237
       11238
       11239
       11240
       11241
       11242
       11243
       11244
       11245
       11246
       11247
       11248
       11249
       11250
       11251
       11252
       11253
       11254
       11255
       11256
       11257
       11258
       11259
       11260
       11261
       11262
       11263
       11264
       11265
       11266
       11267
       11268
       11269
       11270
       11271
       11272
       11273
       11274
       11275
       11276
       11281
       11282
       11283
       11284
       11285
       11286
       11287
       11288
       11289
       11290
       11291
       11292
       11293
       11294
       11295
       11296
       11297
       11307
       11308
       11309
       11310
       11311
       11312
       11313
       11314
       11315
       11316
       11317
       11318
       11319
       11331
       11332
       11333
       11334
       11335
       11336
       11337
       11338
       11339
       11340
       11341
       11355
       11356
       11357
       11358
       11359
       11360
       11361
       11362
       11363
       11379
       11380
       11381
       11382
       11383
       11384
       11385
       11403
       11404
       11405
       11406
       11407
       11408
       11427
       11428
       11429
       11430
       11431
       11451
       11452
       11453
       11454
       11475
       11476
       11477
       11498
       11499
       11500
       11521
       11522
       11523
       11545
       11546
       11568
       11569
       11591
       11592
       11614
       11615
       11638
       11661
       11684
       12144
       12167
       12190
       12213
       12235
       12236
       12258
       12259
       12281
       12282
       12304
       12305
       12327
       12328
       12349
       12350
       12351
       12372
       12373
       12374
       12395
       12396
       12397
       12418
       12419
       12420
       12441
       12442
       12443
       12464
       12465
       12466
       12487
       12488
       12489
       12510
       12511
       12512
       12532
       12533
       12534
       12535
       12555
       12556
       12557
       12558
       12578
       12579
       12580
       12581
       12582
       12601
       12602
       12603
       12604
       12605
       12624
       12625
       12626
       12627
       12628
       12629
       12647
       12648
       12649
       12650
       12651
       12652
       12653
       12670
       12671
       12672
       12673
       12674
       12675
       12676
       12693
       12694
       12695
       12696
       12697
       12698
       12699
       12700
       12715
       12716
       12717
       12718
       12719
       12720
       12721
       12722
       12723
       12737
       12738
       12739
       12740
       12741
       12742
       12743
       12744
       12745
       12746
       12747
       12748
       12759
       12760
       12761
       12762
       12763
       12764
       12765
       12766
       12767
       12768
       12769
       12770
       12771
       12772
       12773
       12774
       12781
       12782
       12783
       12784
       12785
       12786
       12787
       12788
       12789
       12790
       12791
       12792
       12793
       12794
       12795
       12796
       12797
       12798
       12803
       12804
       12805
       12806
       12807
       12808
       12809
       12810
       12811
       12812
       12813
       12814
       12815
       12816
       12817
       12818
       12819
       12820
       12821
       12822
       12823
       12825
       12826
       12827
       12828
       12829
       12830
       12831
       12832
       12833
       12834
       12835
       12836
       12837
       12838
       12839
       12840
       12841
       12842
       12843
       12844
       12845
       12846
       12847
       12848
       12849
       12850
       12851
       12852
       12853
       12854
       12855
       12856
       12857
       12858
       12859
       12860
       12861
       12862
       12863
       12864
       12865
       12866
       12867
       12868
       12869
       12870
       12871
       12872
       12873
       12874
       12875
       12876
       12877
       12878
       12879
       12880
       12881
       12882
       12883
       12884
       12885
       12886
       12891
       12892
       12893
       12894
       12895
       12896
       12897
       12898
       12899
       12900
       12901
       12902
       12903
       12904
       12905
       12906
       12907
       12917
       12918
       12919
       12920
       12921
       12922
       12923
       12924
       12925
       12926
       12927
       12928
       12929
       12941
       12942
       12943
       12944
       12945
       12946
       12947
       12948
       12949
       12950
       12951
       12965
       12966
       12967
       12968
       12969
       12970
       12971
       12972
       12973
       12989
       12990
       12991
       12992
       12993
       12994
       12995
       13013
       13014
       13015
       13016
       13017
       13018
       13037
       13038
       13039
       13040
       13041
       13061
       13062
       13063
       13064
       13085
       13086
       13087
       13108
       13109
       13110
       13131
       13132
       13133
       13155
       13156
       13178
       13179
       13201
       13202
       13224
       13225
       13248
       13271
       13294
       13754
       13777
       13800
       13823
       13845
       13846
       13868
       13869
       13891
       13892
       13914
       13915
       13937
       13938
       13959
       13960
       13961
       13982
       13983
       13984
       14005
       14006
       14007
       14028
       14029
       14030
       14051
       14052
       14053
       14074
       14075
       14076
       14097
       14098
       14099
       14120
       14121
       14122
       14142
       14143
       14144
       14145
       14165
       14166
       14167
       14168
       14188
       14189
       14190
       14191
       14192
       14211
       14212
       14213
       14214
       14215
       14234
       14235
       14236
       14237
       14238
       14239
       14257
       14258
       14259
       14260
       14261
       14262
       14263
       14280
       14281
       14282
       14283
       14284
       14285
       14286
       14303
       14304
       14305
       14306
       14307
       14308
       14309
       14310
       14325
       14326
       14327
       14328
       14329
       14330
       14331
       14332
       14333
       14347
       14348
       14349
       14350
       14351
       14352
       14353
       14354
       14355
       14356
       14357
       14358
       14369
       14370
       14371
       14372
       14373
       14374
       14375
       14376
       14377
       14378
       14379
       14380
       14381
       14382
       14383
       14384
       14391
       14392
       14393
       14394
       14395
       14396
       14397
       14398
       14399
       14400
       14401
       14402
       14403
       14404
       14405
       14406
       14407
       14408
       14413
       14414
       14415
       14416
       14417
       14418
       14419
       14420
       14421
       14422
       14423
       14424
       14425
       14426
       14427
       14428
       14429
       14430
       14431
       14432
       14433
       14435
       14436
       14437
       14438
       14439
       14440
       14441
       14442
       14443
       14444
       14445
       14446
       14447
       14448
       14449
       14450
       14451
       14452
       14453
       14454
       14455
       14456
       14457
       14458
       14459
       14460
       14461
       14462
       14463
       14464
       14465
       14466
       14467
       14468
       14469
       14470
       14471
       14472
       14473
       14474
       14475
       14476
       14477
       14478
       14479
       14480
       14481
       14482
       14483
       14484
       14485
       14486
       14487
       14488
       14489
       14490
