23
22
21
20
19
18
13
12
11
10
9
8
7
6
5
4
3
2
1
46
45
44
43
33
32
31
30
29
28
27
26
25
24
69
68
67
55
54
53
52
51
50
49
48
47
92
91
77
76
75
74
73
72
71
70
115
99
98
97
96
95
94
93
121
120
119
118
117
116
143
142
141
140
139
165
164
163
162
187
186
185
210
209
208
233
232
231
255
254
278
277
301
300
324
323
346
369
392
852
875
898
921
945
944
968
967
991
990
1014
1013
1037
1036
1061
1060
1059
1084
1083
1082
1107
1106
1105
1130
1129
1128
1153
1152
1151
1176
1175
1174
1199
1198
1197
1222
1221
1220
1246
1245
1244
1243
1269
1268
1267
1266
1292
1291
1290
1289
1334
1315
1314
1313
1312
1357
1338
1337
1336
1335
1380
1379
1361
1360
1359
1358
1403
1402
1401
1384
1383
1382
1381
1426
1425
1424
1407
1406
1405
1404
1449
1448
1447
1446
1431
1430
1429
1428
1427
1472
1471
1470
1469
1455
1454
1453
1452
1451
1450
1495
1494
1493
1492
1491
1490
1479
1478
1477
1476
1475
1474
1473
1518
1517
1516
1515
1514
1513
1512
1511
1510
1503
1502
1501
1500
1499
1498
1497
1496
1541
1540
1539
1538
1537
1536
1535
1534
1533
1532
1527
1526
1525
1524
1523
1522
1521
1520
1519
1564
1563
1562
1561
1560
1559
1558
1557
1556
1555
1554
1553
1551
1550
1549
1548
1547
1546
1545
1544
1543
1542
1587
1586
1585
1584
1583
1582
1581
1580
1579
1578
1577
1576
1575
1574
1573
1572
1571
1570
1569
1568
1567
1566
1565
1610
1609
1608
1607
1606
1605
1604
1603
1602
1601
1600
1599
1598
1597
1596
1595
1594
1593
1592
1591
1590
1589
1588
