23
22
21
20
19
18
13
12
11
10
9
8
7
6
5
4
3
2
1
46
45
44
43
33
32
31
30
29
28
27
26
25
24
69
68
67
55
54
53
52
51
50
49
48
47
92
91
77
76
75
74
73
72
71
70
115
99
98
97
96
95
94
93
121
120
119
118
117
116
143
142
141
140
139
165
164
163
162
187
186
185
210
209
208
233
232
231
255
254
278
277
301
300
324
323
346
369
392
852
875
898
921
945
944
968
967
991
990
1014
1013
1037
1036
1061
1060
1059
1084
1083
1082
1107
1106
1105
1130
1129
1128
1153
1152
1151
1176
1175
1174
1199
1198
1197
1222
1221
1220
1246
1245
1244
1243
1269
1268
1267
1266
1292
1291
1290
1289
1334
1315
1314
1313
1312
1357
1338
1337
1336
1335
1380
1379
1361
1360
1359
1358
1403
1402
1401
1384
1383
1382
1381
1426
1425
1424
1407
1406
1405
1404
1449
1448
1447
1446
1431
1430
1429
1428
1427
1472
1471
1470
1469
1455
1454
1453
1452
1451
1450
1495
1494
1493
1492
1491
1490
1479
1478
1477
1476
1475
1474
1473
1518
1517
1516
1515
1514
1513
1512
1511
1510
1503
1502
1501
1500
1499
1498
1497
1496
1541
1540
1539
1538
1537
1536
1535
1534
1533
1532
1527
1526
1525
1524
1523
1522
1521
1520
1519
1564
1563
1562
1561
1560
1559
1558
1557
1556
1555
1554
1553
1551
1550
1549
1548
1547
1546
1545
1544
1543
1542
1587
1586
1585
1584
1583
1582
1581
1580
1579
1578
1577
1576
1575
1574
1573
1572
1571
1570
1569
1568
1567
1566
1565
1610
1609
1608
1607
1606
1605
1604
1603
1602
1601
1600
1599
1598
1597
1596
1595
1594
1593
1592
1591
1590
1589
1588
1633
1632
1631
1630
1629
1628
1623
1622
1621
1620
1619
1618
1617
1616
1615
1614
1613
1612
1611
1656
1655
1654
1653
1643
1642
1641
1640
1639
1638
1637
1636
1635
1634
1679
1678
1677
1665
1664
1663
1662
1661
1660
1659
1658
1657
1702
1701
1687
1686
1685
1684
1683
1682
1681
1680
1725
1709
1708
1707
1706
1705
1704
1703
1731
1730
1729
1728
1727
1726
1753
1752
1751
1750
1749
1775
1774
1773
1772
1797
1796
1795
1820
1819
1818
1843
1842
1841
1865
1864
1888
1887
1911
1910
1934
1933
1956
1979
2002
2462
2485
2508
2531
2555
2554
2578
2577
2601
2600
2624
2623
2647
2646
2671
2670
2669
2694
2693
2692
2717
2716
2715
2740
2739
2738
2763
2762
2761
2786
2785
2784
2809
2808
2807
2832
2831
2830
2856
2855
2854
2853
2879
2878
2877
2876
2902
2901
2900
2899
2944
2925
2924
2923
2922
2967
2948
2947
2946
2945
2990
2989
2971
2970
2969
2968
3013
3012
3011
2994
2993
2992
2991
3036
3035
3034
3017
3016
3015
3014
3059
3058
3057
3056
3041
3040
3039
3038
3037
3082
3081
3080
3079
3065
3064
3063
3062
3061
3060
3105
3104
3103
3102
3101
3100
3089
3088
3087
3086
3085
3084
3083
3128
3127
3126
3125
3124
3123
3122
3121
3120
3113
3112
3111
3110
3109
3108
3107
3106
3151
3150
3149
3148
3147
3146
3145
3144
3143
3142
3137
3136
3135
3134
3133
3132
3131
3130
3129
3174
3173
3172
3171
3170
3169
3168
3167
3166
3165
3164
3163
3161
3160
3159
3158
3157
3156
3155
3154
3153
3152
3197
3196
3195
3194
3193
3192
3191
3190
3189
3188
3187
3186
3185
3184
3183
3182
3181
3180
3179
3178
3177
3176
3175
3220
3219
3218
3217
3216
3215
3214
3213
3212
3211
3210
3209
3208
3207
3206
3205
3204
3203
3202
3201
3200
3199
3198
3243
3242
3241
3240
3239
3238
3233
3232
3231
3230
3229
3228
3227
3226
3225
3224
3223
3222
3221
3266
3265
3264
3263
3253
3252
3251
3250
3249
3248
3247
3246
3245
3244
3289
3288
3287
3275
3274
3273
3272
3271
3270
3269
3268
3267
3312
3311
3297
3296
3295
3294
3293
3292
3291
3290
3335
3319
3318
3317
3316
3315
3314
3313
3341
3340
3339
3338
3337
3336
3363
3362
3361
3360
3359
3385
3384
3383
3382
3407
3406
3405
3430
3429
3428
3453
3452
3451
3475
3474
3498
3497
3521
3520
3544
3543
3566
3589
3612
4072
4095
4118
4141
4165
4164
4188
4187
4211
4210
4234
4233
4257
4256
4281
4280
4279
4304
4303
4302
4327
4326
4325
4350
4349
4348
4373
4372
4371
4396
4395
4394
4419
4418
4417
4442
4441
4440
4466
4465
4464
4463
4489
4488
4487
4486
4512
4511
4510
4509
4554
4535
4534
4533
4532
4577
4558
4557
4556
4555
4600
4599
4581
4580
4579
4578
4623
4622
4621
4604
4603
4602
4601
4646
4645
4644
4627
4626
4625
4624
4669
4668
4667
4666
4651
4650
4649
4648
4647
4692
4691
4690
4689
4675
4674
4673
4672
4671
4670
4715
4714
4713
4712
4711
4710
4699
4698
4697
4696
4695
4694
4693
4738
4737
4736
4735
4734
4733
4732
4731
4730
4723
4722
4721
4720
4719
4718
4717
4716
4761
4760
4759
4758
4757
4756
4755
4754
4753
4752
4747
4746
4745
4744
4743
4742
4741
4740
4739
4784
4783
4782
4781
4780
4779
4778
4777
4776
4775
4774
4773
4771
4770
4769
4768
4767
4766
4765
4764
4763
4762
4807
4806
4805
4804
4803
4802
4801
4800
4799
4798
4797
4796
4795
4794
4793
4792
4791
4790
4789
4788
4787
4786
4785
4830
4829
4828
4827
4826
4825
4824
4823
4822
4821
4820
4819
4818
4817
4816
4815
4814
4813
4812
4811
4810
4809
4808
4853
4852
4851
4850
4849
4848
4843
4842
4841
4840
4839
4838
4837
4836
4835
4834
4833
4832
4831
4876
4875
4874
4873
4863
4862
4861
4860
4859
4858
4857
4856
4855
4854
4899
4898
4897
4885
4884
4883
4882
4881
4880
4879
4878
4877
4922
4921
4907
4906
4905
4904
4903
4902
4901
4900
4945
4929
4928
4927
4926
4925
4924
4923
4951
4950
4949
4948
4947
4946
4973
4972
4971
4970
4969
4995
4994
4993
4992
5017
5016
5015
5040
5039
5038
5063
5062
5061
5085
5084
5108
5107
5131
5130
5154
5153
5176
5199
5222
5682
5705
5728
5751
5775
5774
5798
5797
5821
5820
5844
5843
5867
5866
5891
5890
5889
5914
5913
5912
5937
5936
5935
5960
5959
5958
5983
5982
5981
6006
6005
6004
6029
6028
6027
6052
6051
6050
6076
6075
6074
6073
6099
6098
6097
6096
6122
6121
6120
6119
6164
6145
6144
6143
6142
6187
6168
6167
6166
6165
6210
6209
6191
6190
6189
6188
6233
6232
6231
6214
6213
6212
6211
6256
6255
6254
6237
6236
6235
6234
6279
6278
6277
6276
6261
6260
6259
6258
6257
6302
6301
6300
6299
6285
6284
6283
6282
6281
6280
6325
6324
6323
6322
6321
6320
6309
6308
6307
6306
6305
6304
6303
6348
6347
6346
6345
6344
6343
6342
6341
6340
6333
6332
6331
6330
6329
6328
6327
6326
6371
6370
6369
6368
6367
6366
6365
6364
6363
6362
6357
6356
6355
6354
6353
6352
6351
6350
6349
6394
6393
6392
6391
6390
6389
6388
6387
6386
6385
6384
6383
6381
6380
6379
6378
6377
6376
6375
6374
6373
6372
6417
6416
6415
6414
6413
6412
6411
6410
6409
6408
6407
6406
6405
6404
6403
6402
6401
6400
6399
6398
6397
6396
6395
6440
6439
6438
6437
6436
6435
6434
6433
6432
6431
6430
6429
6428
6427
6426
6425
6424
6423
6422
6421
6420
6419
6418
6463
6462
6461
6460
6459
6458
6453
6452
6451
6450
6449
6448
6447
6446
6445
6444
6443
6442
6441
6486
6485
6484
6483
6473
6472
6471
6470
6469
6468
6467
6466
6465
6464
6509
6508
6507
6495
6494
6493
6492
6491
6490
6489
6488
6487
6532
6531
6517
6516
6515
6514
6513
6512
6511
6510
6555
6539
6538
6537
6536
6535
6534
6533
6561
6560
6559
6558
6557
6556
6583
6582
6581
6580
6579
6605
6604
6603
6602
6627
6626
6625
6650
6649
6648
6673
6672
6671
6695
6694
6718
6717
6741
6740
6764
6763
6786
6809
6832
7292
7315
7338
7361
7385
7384
7408
7407
7431
7430
7454
7453
7477
7476
7501
7500
7499
7524
7523
7522
7547
7546
7545
7570
7569
7568
7593
7592
7591
7616
7615
7614
7639
7638
7637
7662
7661
7660
7686
7685
7684
7683
7709
7708
7707
7706
7732
7731
7730
7729
7774
7755
7754
7753
7752
7797
7778
7777
7776
7775
7820
7819
7801
7800
7799
7798
7843
7842
7841
7824
7823
7822
7821
7866
7865
7864
7847
7846
7845
7844
7889
7888
7887
7886
7871
7870
7869
7868
7867
7912
7911
7910
7909
7895
7894
7893
7892
7891
7890
7935
7934
7933
7932
7931
7930
7919
7918
7917
7916
7915
7914
7913
7958
7957
7956
7955
7954
7953
7952
7951
7950
7943
7942
7941
7940
7939
7938
7937
7936
7981
7980
7979
7978
7977
7976
7975
7974
7973
7972
7967
7966
7965
7964
7963
7962
7961
7960
7959
8004
8003
8002
8001
8000
7999
7998
7997
7996
7995
7994
7993
7991
7990
7989
7988
7987
7986
7985
7984
7983
7982
8027
8026
8025
8024
8023
8022
8021
8020
8019
8018
8017
8016
8015
8014
8013
8012
8011
8010
8009
8008
8007
8006
8005
8050
8049
8048
8047
8046
8045
8044
8043
8042
8041
8040
8039
8038
8037
8036
8035
8034
8033
8032
8031
8030
8029
8028
8073
8072
8071
8070
8069
8068
8063
8062
8061
8060
8059
8058
8057
8056
8055
8054
8053
8052
8051
8096
8095
8094
8093
8083
8082
8081
8080
8079
8078
8077
8076
8075
8074
8119
8118
8117
8105
8104
8103
8102
8101
8100
8099
8098
8097
8142
8141
8127
8126
8125
8124
8123
8122
8121
8120
8165
8149
8148
8147
8146
8145
8144
8143
8171
8170
8169
8168
8167
8166
8193
8192
8191
8190
8189
8215
8214
8213
8212
8237
8236
8235
8260
8259
8258
8283
8282
8281
8305
8304
8328
8327
8351
8350
8374
8373
8396
8419
8442
8902
8925
8948
8971
8995
8994
9018
9017
9041
9040
9064
9063
9087
9086
9111
9110
9109
9134
9133
9132
9157
9156
9155
9180
9179
9178
9203
9202
9201
9226
9225
9224
9249
9248
9247
9272
9271
9270
9296
9295
9294
9293
9319
9318
9317
9316
9342
9341
9340
9339
9384
9365
9364
9363
9362
9407
9388
9387
9386
9385
9430
9429
9411
9410
9409
9408
9453
9452
9451
9434
9433
9432
9431
9476
9475
9474
9457
9456
9455
9454
9499
9498
9497
9496
9481
9480
9479
9478
9477
9522
9521
9520
9519
9505
9504
9503
9502
9501
9500
9545
9544
9543
9542
9541
9540
9529
9528
9527
9526
9525
9524
9523
9568
9567
9566
9565
9564
9563
9562
9561
9560
9553
9552
9551
9550
9549
9548
9547
9546
9591
9590
9589
9588
9587
9586
9585
9584
9583
9582
9577
9576
9575
9574
9573
9572
9571
9570
9569
9614
9613
9612
9611
9610
9609
9608
9607
9606
9605
9604
9603
9601
9600
9599
9598
9597
9596
9595
9594
9593
9592
9637
9636
9635
9634
9633
9632
9631
9630
9629
9628
9627
9626
9625
9624
9623
9622
9621
9620
9619
9618
9617
9616
9615
9660
9659
9658
9657
9656
9655
9654
9653
9652
9651
9650
9649
9648
9647
9646
9645
9644
9643
9642
9641
9640
9639
9638
9683
9682
9681
9680
9679
9678
9673
9672
9671
9670
9669
9668
9667
9666
9665
9664
9663
9662
9661
9706
9705
9704
9703
9693
9692
9691
9690
9689
9688
9687
9686
9685
9684
9729
9728
9727
9715
9714
9713
9712
9711
9710
9709
9708
9707
9752
9751
9737
9736
9735
9734
9733
9732
9731
9730
9775
9759
9758
9757
9756
9755
9754
9753
9781
9780
9779
9778
9777
9776
9803
9802
9801
9800
9799
9825
9824
9823
9822
9847
9846
9845
9870
9869
9868
9893
9892
9891
9915
9914
9938
9937
9961
9960
9984
9983
10006
10029
10052
10512
10535
10558
10581
10605
10604
10628
10627
10651
10650
10674
10673
10697
10696
10721
10720
10719
10744
10743
10742
10767
10766
10765
10790
10789
10788
10813
10812
10811
10836
10835
10834
10859
10858
10857
10882
10881
10880
10906
10905
10904
10903
10929
10928
10927
10926
10952
10951
10950
10949
10994
10975
10974
10973
10972
11017
10998
10997
10996
10995
11040
11039
11021
11020
11019
11018
11063
11062
11061
11044
11043
11042
11041
11086
11085
11084
11067
11066
11065
11064
11109
11108
11107
11106
11091
11090
11089
11088
11087
11132
11131
11130
11129
11115
11114
11113
11112
11111
11110
11155
11154
11153
11152
11151
11150
11139
11138
11137
11136
11135
11134
11133
11178
11177
11176
11175
11174
11173
11172
11171
11170
11163
11162
11161
11160
11159
11158
11157
11156
11201
11200
11199
11198
11197
11196
11195
11194
11193
11192
11187
11186
11185
11184
11183
11182
11181
11180
11179
11224
11223
11222
11221
11220
11219
11218
11217
11216
11215
11214
11213
11211
11210
11209
11208
11207
11206
11205
11204
11203
11202
11247
11246
11245
11244
11243
11242
11241
11240
11239
11238
11237
11236
11235
11234
11233
11232
11231
11230
11229
11228
11227
11226
11225
11270
11269
11268
11267
11266
11265
11264
11263
11262
11261
11260
11259
11258
11257
11256
11255
11254
11253
11252
11251
11250
11249
11248
11293
11292
11291
11290
11289
11288
11283
11282
11281
11280
11279
11278
11277
11276
11275
11274
11273
11272
11271
11316
11315
11314
11313
11303
11302
11301
11300
11299
11298
11297
11296
11295
11294
11339
11338
11337
11325
11324
11323
11322
11321
11320
11319
11318
11317
11362
11361
11347
11346
11345
11344
11343
11342
11341
11340
11385
11369
11368
11367
11366
11365
11364
11363
11391
11390
11389
11388
11387
11386
11413
11412
11411
11410
11409
11435
11434
11433
11432
11457
11456
11455
11480
11479
11478
11503
11502
11501
11525
11524
11548
11547
11571
11570
11594
11593
11616
11639
11662
12122
12145
12168
12191
12215
12214
12238
12237
12261
12260
12284
12283
12307
12306
12331
12330
12329
12354
12353
12352
12377
12376
12375
12400
12399
12398
12423
12422
12421
12446
12445
12444
12469
12468
12467
12492
12491
12490
12516
12515
12514
12513
12539
12538
12537
12536
12562
12561
12560
12559
12604
12585
12584
12583
12582
12627
12608
12607
12606
12605
12650
12649
12631
12630
12629
12628
12673
12672
12671
12654
12653
12652
12651
12696
12695
12694
12677
12676
12675
12674
12719
12718
12717
12716
12701
12700
12699
12698
12697
12742
12741
12740
12739
12725
12724
12723
12722
12721
12720
12765
12764
12763
12762
12761
12760
12749
12748
12747
12746
12745
12744
12743
12788
12787
12786
12785
12784
12783
12782
12781
12780
12773
12772
12771
12770
12769
12768
12767
12766
12811
12810
12809
12808
12807
12806
12805
12804
12803
12802
12797
12796
12795
12794
12793
12792
12791
12790
12789
12834
12833
12832
12831
12830
12829
12828
12827
12826
12825
12824
12823
12821
12820
12819
12818
12817
12816
12815
12814
12813
12812
12857
12856
12855
12854
12853
12852
12851
12850
12849
12848
12847
12846
12845
12844
12843
12842
12841
12840
12839
12838
12837
12836
12835
12880
12879
12878
12877
12876
12875
12874
12873
12872
12871
12870
12869
12868
12867
12866
12865
12864
12863
12862
12861
12860
12859
12858
12903
12902
12901
12900
12899
12898
12893
12892
12891
12890
12889
12888
12887
12886
12885
12884
12883
12882
12881
12926
12925
12924
12923
12913
12912
12911
12910
12909
12908
12907
12906
12905
12904
12949
12948
12947
12935
12934
12933
12932
12931
12930
12929
12928
12927
12972
12971
12957
12956
12955
12954
12953
12952
12951
12950
12995
12979
12978
12977
12976
12975
12974
12973
13001
13000
12999
12998
12997
12996
13023
13022
13021
13020
13019
13045
13044
13043
13042
13067
13066
13065
13090
13089
13088
13113
13112
13111
13135
13134
13158
13157
13181
13180
13204
13203
13226
13249
13272
13732
13755
13778
13801
13825
13824
13848
13847
13871
13870
13894
13893
13917
13916
13941
13940
13939
13964
13963
13962
13987
13986
13985
14010
14009
14008
14033
14032
14031
14056
14055
14054
14079
14078
14077
14102
14101
14100
14126
14125
14124
14123
14149
14148
14147
14146
14172
14171
14170
14169
14214
14195
14194
14193
14192
14237
14218
14217
14216
14215
14260
14259
14241
14240
14239
14238
14283
14282
14281
14264
14263
14262
14261
14306
14305
14304
14287
14286
14285
14284
14329
14328
14327
14326
14311
14310
14309
14308
14307
14352
14351
14350
14349
14335
14334
14333
14332
14331
14330
14375
14374
14373
14372
14371
14370
14359
14358
14357
14356
14355
14354
14353
14398
14397
14396
14395
14394
14393
14392
14391
14390
14383
14382
14381
14380
14379
14378
14377
14376
14421
14420
14419
14418
14417
14416
14415
14414
14413
14412
14407
14406
14405
14404
14403
14402
14401
14400
14399
14444
14443
14442
14441
14440
14439
14438
14437
14436
14435
14434
14433
14431
14430
14429
14428
14427
14426
14425
14424
14423
14422
14467
14466
14465
14464
14463
14462
14461
14460
14459
14458
14457
14456
14455
14454
14453
14452
14451
14450
14449
14448
14447
14446
14445
14490
14489
14488
14487
14486
14485
14484
14483
14482
14481
14480
14479
14478
14477
14476
14475
14474
14473
14472
14471
14470
14469
14468
