           1
           2
           3
           4
           5
           6
          11
          12
          13
          14
          15
          16
          17
          18
          19
          20
          21
          22
          23
          24
          25
          26
          27
          37
          38
          39
          40
          41
          42
          43
          44
          45
          46
          47
          48
          49
          61
          62
          63
          64
          65
          66
          67
          68
          69
          70
          71
          85
          86
          87
          88
          89
          90
          91
          92
          93
         109
         110
         111
         112
         113
         114
         115
         133
         134
         135
         136
         137
         138
         157
         158
         159
         160
         161
         181
         182
         183
         184
         205
         206
         207
         228
         229
         230
         251
         252
         253
         275
         276
         298
         299
         321
         322
         344
         345
         368
         391
         414
         874
         897
         920
         943
         965
         966
         988
         989
        1011
        1012
        1034
        1035
        1057
        1058
        1079
        1080
        1081
        1102
        1103
        1104
        1125
        1126
        1127
        1148
        1149
        1150
        1171
        1172
        1173
        1194
        1195
        1196
        1217
        1218
        1219
        1240
        1241
        1242
        1262
        1263
        1264
        1265
        1285
        1286
        1287
        1288
        1308
        1309
        1310
        1311
        1312
        1331
        1332
        1333
        1334
        1335
        1354
        1355
        1356
        1357
        1358
        1359
        1377
        1378
        1379
        1380
        1381
        1382
        1383
        1400
        1401
        1402
        1403
        1404
        1405
        1406
        1423
        1424
        1425
        1426
        1427
        1428
        1429
        1430
        1445
        1446
        1447
        1448
        1449
        1450
        1451
        1452
        1453
        1467
        1468
        1469
        1470
        1471
        1472
        1473
        1474
        1475
        1476
        1477
        1478
        1489
        1490
        1491
        1492
        1493
        1494
        1495
        1496
        1497
        1498
        1499
        1500
        1501
        1502
        1503
        1504
        1511
        1512
        1513
        1514
        1515
        1516
        1517
        1518
        1519
        1520
        1521
        1522
        1523
        1524
        1525
        1526
        1527
        1528
        1533
        1534
        1535
        1536
        1537
        1538
        1539
        1540
        1541
        1542
        1543
        1544
        1545
        1546
        1547
        1548
        1549
        1550
        1551
        1552
        1553
        1555
        1556
        1557
        1558
        1559
        1560
        1561
        1562
        1563
        1564
        1565
        1566
        1567
        1568
        1569
        1570
        1571
        1572
        1573
        1574
        1575
        1576
        1577
        1578
        1579
        1580
        1581
        1582
        1583
        1584
        1585
        1586
        1587
        1588
        1589
        1590
        1591
        1592
        1593
        1594
        1595
        1596
        1597
        1598
        1599
        1600
        1601
        1602
        1603
        1604
        1605
        1606
        1607
        1608
        1609
        1610
